0.00810921
0.0162402
0.00445551
0.00440457
0.0254338
0.0299103
0.00224575
0.0228852
0.0283003
0.00673831
0.0283003
0.0198278
0.0127919
0.0127919
0.0154418
0.0160695
0.0195809
0.0267216
0.0271677
0.0231686
0.000262111
0.0271677
0.0267216
0.0234465
0.0236409
0.0339894
0.0196504
0.0190705
0.00245209
0.00749683
0.0298097
0.0031057
0.0227494
0.02917
0.00110027
0.032213
0.0203702
0.00455612
0.02917
0.00815219
0.030358
0.00744438
0.0208148
0.0101316
0.00800578
0.00224575
0.016285
0.0208795
0.0125858
0.00749683
0.00303032
0.00505316
0.0345156
0.00391915
0.0195809
0.0381321
0.0261986
0.029449
0.0156952
0.0337498
0.0117312
0.011385
0.003272
0.0531014
0.00266342
0.0032412
0.0195809
0.0236844
0.00942087
0.000707567
0.0227497
0.0254338
0.0396491
0.00230235
0.0300208
0.0201845
0.0130256
0.0257729
0.0149083
0.0172531
0.0127919
0.0344394
0.0069952
0.0150544
0.0218973
0.0300208
0.0321929
0.0127919
0.0106475
0.0201392
0.00449091
0.0108089
0.0198905
0.00588025
0.0275668
0.00894915
0.00269349
0.0271677
0.00410992
0.0241067
0.00822163
0.00858206
0.0103758
0.0299103
0.024442
0.0318873
0.0329543
0.0223564
0.0279707
0.03608
0.0253891
0.0300749
0.0155897
0.00142963
0.00224575
0.0160695
0.0271677
0.0283003
0.0254338
0.0229561
0.0243501
0.00870219
0.0276576
0.031754
0.0148091
0.0299378
0.0337012
0.00875235
0.0133497
0.00708592
0.00381243
0.0269997
0.032213
0.0217372
0.0216187
0.00017643
0.0350236
0.00269349
0.00224575
0.0254338
0.0441522
0.0277115
0.0131004
0.00767887
0.00815219
0.00892848
0.0236844
0.0401691
0.00434867
0.0203702
0.0337603
0.0028398
0.0013175
0.0041824
0.0261603
0.0255226
0.00643584
0.0267216
0.0223564
0.00698736
0.0224116
0.0337603
0.0135084
0.0195809
0.0243501
0.0106475
0.0249276
0.0142442
0.0283003
0.00903425
0.0261986
0.00706509
0.0319154
0.0108666
0.0119813
0.0215634
0.0113581
0.01732
0.0116517
0.018419
0.0131207
0.0216187
0.0210716
0.0241256
0.0109566
0.0380271
0.0271677
0.00815219
0.0381919
0.0193509
0.0353745
0.0217372
0.0265971
0.0180576
0.0174846
0.0321929
0.0062215
0.0101316
0.00328897
0.00601232
0.0233272
0.0290532
0.0109996
0.0127919
0.00468916
0.00273511
0.0418972
0.0257552
0.0167198
0.0358064
0.0243714
0.0159765
0.0127919
0.0160695
0.0267216
0.0140956
0.0196504
0.0207487
0.0425418
0.0154585
0.00578296
0.0241541
4.13954e-05
0.0388425
0.00230235
0.0243501
0.00245209
0.00030601
0.0271319
0.0330627
0.00934617
0.0413955
0.0275668
0.0330627
0.0218973
0.0163739
0.00427935
0.0103142
0.00296921
0.0305499
0.0203702
0.0208795
0.0283003
0.0283003
0.00548816
0.00828022
0.0352055
0.00670031
0.0126755
0.0162297
0.0163739
0.034853
0.00881089
0.0277115
0.0189788
0.0203702
0.0271677
0.00321394
0.037406
0.0214336
0.00178316
0.0283003
0.00506759
0.00631842
0.0283003
0.014322
0.0283003
0.0013175
0.0333001
0.00800578
0.0212489
0.0270413
0.0283003
0.016046
0.0311346
0.00180417
0.00371024
0.0423276
0.00701876
0.0227443
0.00384369
4.13954e-05
0.0217
0.0103758
0.0306108
0.00815219
0.0079096
0.025067
0.0152972
0.0254338
0.00612706
0.0127919
0.00744152
0.0216187
0.00767887
0.0201922
0.032213
0.0219469
0.00648129
0.0276509
0.0191994
0.0135084
0.049309
0.011932
0.0210007
0.0261986
0.03608
0.0224639
0.0162297
0.0379136
0.00759304
0.00357896
0.0269997
0.0250857
0.0101316
0.00153577
0.0219469
0.00755051
0.0314035
0.0127919
0.0283003
0.0283003
0.0230248
0.0187934
0.0399641
0.0163739
0.0283003
0.0099193
0.00512873
0.00257105
0.00536132
0.002904
0.0160695
0.00958097
0.0271677
0.0246058
0.00506759
0.0177771
0.0283003
0.0154418
0.0283003
0.00800578
0.0216187
5.00679e-05
0.0293281
0.0178477
0.0257423
0.0109566
0.0275522
0.0103758
0.00261855
0.0283003
0.00505534
0.0267216
0.0261603
0.0259507
0.0298097
0.0243501
0.0319154
0.0140956
0.00224575
0.00588025
0.0216187
0.0237321
0.0347622
0.0214336
0.0267216
0.00385517
0.00273511
0.0325421
0.0283003
0.0213986
0.00126451
0.0101785
0.0231686
0.0216187
0.03608
0.00245209
0.030512
0.0217372
0.0243501
0.0260801
0.0261986
0.00942087
0.00266342
0.0334662
0.0254338
0.0101785
0.0227494
0.0261723
0.0101082
0.0150544
0.00800578
0.0228051
0.0210007
0.0271677
0.0114864
0.0196962
0.00841393
0.00743248
0.0191994
0.00434867
0.0032412
0.0194958
0.0331657
0.00843364
0.0321929
0.0276576
0.00354815
0.00548816
0.00224575
0.0150544
0.0216187
0.00894915
0.0195809
0.0245966
0.0283003
0.00400668
0.032213
0.0257181
0.0382575
0.0178521
0.0272902
0.00759304
0.0272777
0.00658911
0.00902277
0.0322761
0.00588025
0.0304127
0.0109311
0.00643584
0.0124211
0.0245115
0.0269997
0.0206111
0.0243501
0.0407776
0.00943992
0.0247015
0.000804335
0.0124211
0.0317828
0.0407776
0.0170053
0.0234249
0.0261603
0.0254338
0.0315588
0.00658911
0.00670031
0.0101785
0.0433562
0.0032412
0.0267216
0.0160167
0.0245966
0.0216187
0.0266451
0.0203702
0.00142963
0.00722872
0.03608
0.011553
0.00767887
0.00855327
0.0231194
0.012326
0.00957662
0.00142963
0.00476613
0.0364639
0.034853
1.98185e-05
0.0270413
0.00440457
0.0260801
0.0297521
0.00418791
0.0159448
0.0230877
0.00217661
0.0147152
0.0101316
0.0242899
0.00870317
0.00903425
0.0227494
0.0231567
0.028788
0.0379305
0.023519
0.0069095
5.00679e-05
0.0216187
0.029449
0.030605
0.0259507
0.00580868
0.00588025
0.0321929
0.0250857
0.00943503
0.0250857
0.0329543
0.0271677
0.0256011
0.0396491
0.00722872
0.0191994
0.0337603
0.00269349
0.0126755
0.020574
0.0227497
0.0269997
0.0187005
0.0261986
0.0171109
0.0219469
0.0226689
0.00631842
0.00543708
0.0418972
5.00679e-05
0.00943992
0.0159843
0.0348987
0.0234249
0.0283003
0.0315232
0.0159765
0.0181407
0.0164445
0.00410198
0.032127
0.025837
0.00875235
0.0326062
0.0364639
0.0139643
0.0162727
0.0387191
0.023519
0.00559649
0.0360397
0.0134823
0.0144219
0.00184408
0.0231686
0.0341408
0.0267216
0.0217372
0.0177771
0.0159765
0.0283003
0.0337551
0.00284868
0.0337498
0.0163739
0.0203702
0.0163739
0.00200377
0.0352055
0.00104854
0.00468916
0.0079096
0.0348987
0.0271677
0.0365758
0.00575989
0.0216187
0.0103758
0.0254338
0.0139148
0.0224654
0.00699246
0.0271677
0.0216187
0.0203825
0.00755051
0.0243501
0.00943503
0.0310589
0.0114014
0.00982511
0.00434867
0.00864464
0.0149083
0.0337249
0.000262111
0.0127919
0.0353745
0.00269349
0.0166078
0.00765436
0.0146754
0.00670031
4.13954e-05
0.00455612
0.00505534
0.00444263
0.00269349
0.00384369
0.010042
0.0262001
0.0283003
0.014703
0.029449
0.0360792
0.00841393
0.0267216
0.0117055
0.0246058
0.0032412
0.0139643
0.0306108
0.0236275
0.0117587
0.00817537
0.00706509
0.0118255
0.0198169
0.0130246
0.00752538
0.00629169
0.00446987
0.00767887
0.0205624
0.0410304
0.0134823
0.0254338
0.0254338
0.00106227
0.00894915
0.0254338
0.006046
0.0283003
0.0113581
0.0128813
0.0208795
0.0299192
0.00743248
0.00446987
0.0348987
0.0189728
0.0216187
0.00987017
0.0283003
0.023519
0.00588025
0.0142442
0.0365658
0.00624993
0.0254338
0.0272777
0.0195809
0.0267216
0.00767887
0.00269349
0.00701876
0.0271677
0.0127919
0.0261603
0.0283003
0.00452387
0.00770277
0.0264971
0.0352277
0.0231686
0.0208777
0.0204486
0.0269997
0.00881089
0.0210716
0.0254338
0.032213
0.0134823
0.00841242
0.0271677
0.0120159
0.0425021
0.0254338
0.0223564
0.0140956
0.0261603
0.0254338
0.00658911
0.0234829
0.0101128
0.0139148
0.0223564
0.025067
0.000391454
0.0124211
0.0148223
0.0271677
0.0101128
0.0231567
0.0125853
0.0299259
0.0264971
0.00506103
0.0148686
0.0160695
0.00878239
0.002904
0.0353745
0.0237453
0.00800578
0.00855327
0.00385517
0.0197078
0.0208148
0.00371024
0.00167229
0.00449091
0.0216187
0.0444109
0.0167198
0.0237283
0.0264874
0.0193509
0.00434867
0.0309115
0.0163739
0.0119813
0.0066531
0.0271677
0.0271677
0.0330627
0.0193509
0.0113076
0.00855327
0.0283003
0.0345156
0.00670031
0.0113581
0.018962
0.0124211
0.0195876
0.0194958
0.0160683
0.0192323
0.0255382
0.0319154
0.0216187
0.00542513
0.0283003
0.019794
0.00505316
0.0163739
0.0127919
0.00400472
0.0028398
0.0162925
0.0271677
0.0271677
0.0213874
0.0208976
0.0186075
0.0172531
0.0227494
0.00466692
0.0163739
0.0208795
0.0227443
0.00624993
0.0245119
0.0115771
0.0300208
0.032213
0.0165485
0.0267216
0.00381243
0.0118124
0.00612706
0.0170053
0.00527954
0.00713569
0.00744152
0.0162402
0.0283003
0.0425418
0.0341683
0.00902277
0.0276576
0.03608
0.0283003
0.00767887
0.0139514
0.0109311
0.0195809
0.00224575
0.0261986
0.0258832
0.00815219
0.0360397
0.0359754
0.0219652
0.00987017
0.0400161
0.011932
0.0347622
0.0193326
0.0208795
0.0441522
0.0241541
0.0134823
0.0119769
0.0254338
0.000804335
0.0298097
0.0153729
0.0423276
0.0241256
0.00958097
0.0254338
0.00269349
0.0271677
0.00785124
0.0216187
0.00136718
0.0185452
0.0208713
0.0183994
0.0268324
0.0119813
0.000731707
0.0167651
0.0273422
0.0167198
0.0321929
0.0160598
0.00266342
0.000262111
0.0287742
0.0119556
0.0219469
0.0160695
0.0201632
0.00126052
0.0216187
0.0345156
0.0267216
0.00408664
0.0260336
0.0216187
0.0261723
0.026312
0.0139643
0.00631842
0.0120014
0.00658911
0.00224575
0.0319154
0.0339894
0.0114462
0.0297724
0.0164693
0.0283003
0.0279707
0.00670031
0.0353745
0.00434867
0.00957662
0.0148223
0.0212609
0.037406
0.0216187
0.0224391
0.0147141
0.00815219
0.0228051
0.024156
0.00815219
0.03608
0.0125858
0.00224575
0.0230248
0.0271677
0.0134823
0.00117147
0.0147152
0.0163739
0.0108089
0.0254338
0.00200377
0.0070138
0.00515786
0.0181626
0.00142963
0.014844
0.0190705
0.0264331
0.00269349
0.0257552
0.00722872
0.024454
0.00224575
0.0193326
0.0283003
0.00441182
0.030765
0.00815219
0.0161303
0.00815219
0.0139514
0.0124211
0.0352055
0.0201632
0.0212609
0.0277115
0.0254338
0.0032412
0.0163739
0.0181407
0.0345156
0.0283003
0.037406
0.0219469
0.0103142
0.00800578
0.0283003
0.00245209
0.00815219
0.00785124
0.00441182
0.00468916
0.0234829
0.00889809
0.0260336
0.0384755
0.0234465
0.0132984
0.0216187
0.0124211
0.0337249
0.0472397
0.0321929
0.001378
0.00658911
0.0139514
0.00694185
0.037406
0.0285038
0.0271677
0.0267216
0.0261723
0.0069952
0.009332
0.0271677
0.00566709
0.0267216
0.0321929
0.00434867
0.0271677
0.0196962
0.0272777
0.00842154
0.0258832
0.032575
0.00670031
0.00696561
0.0216187
0.000473935
0.0354221
0.0167198
0.0444109
0.0269997
0.0394052
0.00269349
0.0169764
0.0352055
0.025067
0.0070138
0.032213
0.024442
0.0107862
0.0257423
0.0247295
0.0382258
0.0232559
0.0234249
0.0267624
0.00371024
0.0195809
0.0344394
0.0396491
0.0227494
0.0261603
0.0187005
0.0106475
0.0197078
0.023519
0.00624993
0.0079096
0.00889809
0.0267216
0.0257552
0.0308383
0.0305499
0.0219283
0.0269997
0.0174886
0.0267632
0.0271677
0.00621736
0.029449
0.0267216
0.0321929
0.0267216
0.0070138
0.003802
0.00894915
0.0283003
0.00722872
0.0272777
0.00694662
0.0163739
0.0353822
0.0186213
0.0254338
0.0127108
0.0128673
0.0319796
0.00815219
0.00445551
0.0279707
0.0139643
0.0283003
0.0271677
0.0365999
0.00384369
0.0217473
0.00815219
0.0140799
0.0156952
0.0161049
0.0163739
0.000262111
0.0267216
0.0276576
0.0283003
0.0269997
0.0283003
0.00713569
0.00852323
0.0267216
0.0231686
0.0267624
0.0283003
0.00881089
0.0114864
0.00224575
0.0126075
0.037406
0.0254338
0.0254338
0.0271677
0.0119034
0.00402409
0.00224575
0.00269349
0.0292736
0.0257181
0.0239222
0.0258628
0.00800578
0.0283003
0.00434867
0.00459564
0.000707567
0.00857955
0.0267632
0.00224575
0.0163739
0.0120159
0.0126775
0.0472397
0.0103758
0.0380271
0.0260336
0.0177113
0.0246058
0.0217372
0.00459564
0.0303726
0.00429159
0.00556067
0.0332797
0.0392725
0.0257552
0.0230248
0.00427935
0.00815219
0.0272777
0.0148091
0.0227497
0.00601232
0.00473881
0.0254548
0.0233272
0.0344897
0.0249746
0.0168995
0.0171247
0.0164445
0.0160167
0.0347118
0.000457048
0.0219469
0.0028398
0.0163739
0.00296921
0.00881089
0.00855327
0.023519
0.0040735
0.0279707
0.0154418
0.0283003
0.00785124
0.0261868
0.0267216
0.00763693
0.000843883
0.0317828
0.0210264
0.0079096
0.0272902
0.0271677
0.0367044
0.00658911
0.0089094
0.0271677
0.0388578
0.00631842
0.00699073
0.0216187
0.030358
0.0297724
0.0236275
0.0120014
0.0269997
0.0198905
0.0214336
0.0219652
0.0321929
0.0241541
0.0368514
0.0377297
0.0283003
0.0301479
0.011385
0.0195809
0.00273511
0.0285038
0.00269349
0.00800578
0.0319739
0.0151474
0.0392725
0.000365466
0.0271677
0.0195809
0.0062215
0.0219494
0.0203702
0.0119769
0.0126755
0.00565445
0.0236409
0.0126755
0.0330029
0.013555
0.0193509
0.00556067
0.012326
0.0469031
0.00722872
0.00621736
0.00800578
0.0174886
0.0380271
0.0205624
0.0148091
0.0305319
0.0283003
0.0269997
0.0236275
0.00409514
0.00269349
0.0062215
0.0254338
0.0458058
0.0230676
0.0172531
0.0272777
0.0267216
0.0191994
0.00815219
0.0271677
0.0267216
0.0135908
0.00399911
0.0308383
0.0299192
0.000166953
0.0217372
0.0227111
0.00273421
0.00841393
0.0135908
0.00444418
0.00178316
0.00588025
0.036901
0.0267216
0.0139148
0.0163739
0.0172531
0.00365704
0.0127919
0.0271677
0.0193509
0.0396491
0.0353081
0.0283003
0.0321929
0.0277115
0.0169897
0.00224575
0.0317828
0.0234412
0.00815219
0.0162925
0.00269349
0.00011766
0.00575989
0.00767887
0.00957662
0.0304127
0.00670031
0.00476613
0.0219469
0.00385517
0.0193509
0.0373141
0.0042097
0.0275522
0.0314035
0.00512406
0.0216187
0.0309331
0.0155838
0.0124211
0.0105979
0.0131004
0.0271677
0.0219652
0.00371024
0.00427935
0.0125939
0.0219469
0.0191994
0.0162174
0.0251358
0.0234249
0.0233272
0.0275668
0.00658911
0.0150544
0.00445551
0.002904
0.0459562
0.0267216
0.0329233
0.00767887
0.00556067
0.0261603
0.00232631
0.0286122
0.00943992
0.0052132
0.0176688
0.0101128
0.00903425
0.0153094
0.00030601
0.0241256
0.00815219
0.0283003
0.00943992
0.00755051
0.00215129
0.0283207
0.0163739
0.0163739
0.0231686
0.0194958
0.0201674
0.0234829
0.00224575
0.0283003
0.0180623
0.0163739
0.0254338
0.0301479
0.00266342
0.0493988
0.0174846
0.00942087
0.00515786
0.00410198
0.00180417
0.0161803
0.0265971
0.00269349
0.00142963
0.00815219
0.029449
0.0195607
0.00816262
0.00441182
0.00637737
0.00815219
0.0139514
0.0283003
0.00438809
0.002904
0.000707567
0.00030601
0.0121607
0.0297724
0.0223717
0.0168376
0.0076635
0.0215634
0.0163739
0.00266342
0.0331657
0.00800578
0.0208795
0.0189788
0.00843364
0.00588025
0.00447676
0.0382875
0.0391021
0.00903425
0.0149277
0.00110027
0.0267216
0.0127919
0.0160167
0.012326
0.0300208
0.0392725
0.00434867
0.0216187
0.00881089
0.0243501
0.00759304
0.0269997
0.0208148
0.00365704
0.0214336
0.028479
0.00784516
0.0109566
1.48416e-05
0.00678486
0.0394641
0.0232293
0.00958097
0.00257105
0.0279707
0.00755051
0.0142442
0.0365888
0.000110567
0.0109311
0.0232122
0.0219469
0.00556067
0.0062215
0.0132984
0.0121137
0.0319154
0.0297724
0.0254338
0.0261723
0.0255852
0.0339894
0.00365704
0.0275295
0.00601232
0.0309115
0.0153094
0.0293216
0.0121537
0.0193924
0.0160695
0.0032412
0.00017643
0.00017643
0.0210716
0.0270037
0.0161891
0.0230248
0.0186213
0.0407776
0.0216187
0.0271677
0.0119034
0.00132281
0.0272777
0.0298097
0.0254338
0.00815219
0.00559649
0.0163739
0.0352198
0.00958097
0.00855327
0.0444109
0.0216187
0.0120159
0.0124211
0.00582588
0.0197078
0.00815219
0.0261603
0.0311346
0.0272777
0.0269997
0.0263711
0.0469031
0.032213
0.0249276
0.026312
0.0418972
0.0387993
0.002904
0.00011766
0.00715482
0.00224575
0.0160598
0.049309
0.0347622
0.00126052
0.0255852
0.0298097
0.0253281
0.0298097
0.0276576
0.0203825
0.0354221
0.0178477
0.00755051
0.0267216
0.0293477
0.0297367
5.00679e-05
0.000300735
0.0277115
0.0208148
0.0106238
0.000426769
0.0396491
0.00402164
0.0267216
0.0249276
0.0237252
0.0277115
0.0261603
0.0283003
0.0339894
0.0224104
0.0277115
0.0353822
0.00637823
0.0237453
0.0271677
0.00770277
0.0223717
0.00767887
0.0246058
0.0254338
0.0127919
0.0353745
0.0254338
0.0161303
0.00447676
0.0193326
0.0257181
0.00881089
0.024454
0.0370659
0.0279707
0.0193924
0.0283003
0.00607216
0.0167198
0.0325524
0.00224575
0.00694185
0.0234829
0.0277115
0.00701876
0.0271677
0.0119813
0.0254338
0.00468916
0.0287742
0.0160683
0.002904
0.0216187
0.00354815
0.00402409
0.0203825
0.0156952
0.0163739
0.0271677
0.0243501
0.00444263
0.0283003
0.00410198
0.03608
0.00115311
0.0139148
0.0267216
0.0271677
0.0139643
0.0134823
0.0288989
0.0365999
0.0231686
0.0257552
0.0307402
0.00269349
0.00943503
0.0279707
0.0187934
0.00224575
0.0330627
0.0187005
0.0257552
0.00815219
0.0472397
0.0283003
0.0341408
0.0216187
0.00744152
0.00456864
0.0297724
0.0283003
0.000995755
0.00889809
0.00273511
0.0319154
0.0124211
0.00678521
0.0195876
0.0406998
0.0214336
0.00142963
0.0195876
0.0300208
0.0208795
0.0283003
0.0231686
0.0257423
0.0219494
0.00815219
0.0314976
0.00030601
0.0283003
0.0148223
0.0353064
0.0217254
0.029449
0.00744152
0.00881089
0.0126755
0.0396491
0.0116635
0.019794
0.0311631
0.0321929
0.00269349
0.0208795
0.0269758
0.049309
0.0193924
0.00713569
0.0163739
0.0483026
0.0254338
0.0234249
0.0269997
0.0267216
0.0269997
0.0174727
0.03608
0.03608
0.032575
0.0245119
0.0163739
0.0233272
0.00670031
0.0300402
0.0203702
0.0257552
0.032213
0.0283003
0.0363719
0.0101785
0.00658911
0.032213
0.0219652
0.0301479
0.0069095
0.0271677
0.0273422
0.0267216
0.0168376
0.0373141
0.0255889
0.0228051
0.0013175
0.0261603
0.0132388
0.018947
0.00982511
0.00815219
0.0314035
0.00631842
0.0271677
0.0325421
0.00631842
0.00482148
0.0124211
0.00224575
0.0288014
0.00455612
0.0216187
0.00476613
0.0283003
0.0195809
0.0269997
0.000391454
0.0203825
0.0272902
0.0421522
0.017022
0.0267216
0.0154585
0.0216187
0.00624993
0.00767887
0.0297521
0.0267216
0.0269997
0.00612706
0.00506103
0.00441182
0.0298097
0.00030601
0.00266342
0.0277115
0.00362051
0.0160695
0.00673831
0.0167838
0.00852323
0.0279707
0.032213
0.00527138
0.00767887
0.0283003
0.00815219
0.000995755
0.00765436
0.0147152
0.00245209
0.0279707
0.012257
0.00224575
0.0154523
0.0230248
0.0258628
0.0233881
0.0103758
0.0139643
0.00815219
0.0203702
0.00699246
0.0275295
0.0283938
0.00365704
0.00365704
0.0203825
0.00136718
0.0271677
0.0219469
0.0271677
0.0459873
0.0162727
0.0321929
0.0275668
0.0275295
0.0101082
0.0216187
0.026312
0.00957662
0.0241541
0.0101785
0.0254338
0.0271677
0.00582588
0.0222
0.00142963
0.0321929
0.012326
0.00447676
0.0190705
0.00224575
0.0156952
0.0254338
0.0423276
0.00701876
0.0298097
0.00852323
0.0254338
0.011932
0.0201922
0.00030601
0.0130256
0.032213
0.0234249
0.0283003
0.0117055
0.0318956
0.032213
0.0233272
0.0218973
0.00638926
0.00868493
0.0227494
0.00601232
0.0162174
0.0163739
0.013555
0.000234425
0.00744152
0.0283003
0.00754726
0.0270037
0.0241541
0.0267216
0.0124211
0.0271677
0.0103758
0.0271677
0.0233272
0.00892866
0.0163739
0.00269349
0.0305499
0.0130246
0.0331657
0.00658911
0.00736982
0.0103758
0.0283003
0.0264971
0.032213
0.0354818
0.0203825
0.0283003
0.0236899
0.002904
0.0267216
0.0337619
0.0117055
0.029449
0.0162402
0.00770277
0.00384369
0.0279707
0.0217
0.0118255
0.0254338
0.025837
0.0347523
0.0163739
0.00864464
0.00200069
0.0117055
0.0134823
0.0214336
0.00658911
0.0283003
0.000995755
0.0298097
0.0249746
0.00816262
0.0243501
0.00743248
0.0321929
0.0232293
0.0193509
0.0345121
0.012326
0.0125858
0.00582588
0.0167198
0.00266342
0.0283003
0.024295
0.0401691
0.0321929
0.0271677
0.0160683
0.00881089
5.00679e-05
0.030605
0.0208795
0.00881089
0.0201886
0.0245119
0.00582588
0.00126052
0.0261986
0.0254338
0.000166953
0.0269997
0.00566709
0.0276576
0.0337603
0.00669193
0.0314268
0.0349245
0.00447676
0.0162402
0.00815219
0.0232559
0.0278668
0.0258832
0.0267216
5.00679e-05
0.0154585
0.0148091
0.00894915
0.0174727
0.0291647
0.0155649
0.0231567
0.0257552
0.0160167
0.00142963
0.0032412
0.00903425
0.024295
0.0283003
0.0174886
0.0283003
0.0103758
0.0258379
0.0317828
0.0101785
0.0269997
0.00166816
0.00631842
0.0262001
0.0154523
0.00125244
0.0309331
0.00670031
0.00855327
0.0250919
0.0254338
0.0353745
0.0461306
0.0178075
0.0243501
0.0180576
0.0253237
0.0274293
0.0261603
0.0031057
0.0271677
0.00166816
0.0237321
0.0283003
0.00800578
0.0183378
0.0394921
0.0109566
0.0231194
0.0215634
0.0216187
0.00269349
0.0274293
0.0163739
0.00505534
0.0201674
0.0069095
0.028189
0.0166298
0.00269349
0.00624993
0.0245119
0.0396491
0.00357896
0.0194958
0.0218973
0.025067
0.00713569
0.002904
0.0283003
0.0216187
0.0267624
0.00657958
0.00224575
0.0383218
0.0243501
0.0169897
0.013428
0.00297575
0.000234425
0.0283003
0.0283003
0.00382805
0.00957662
0.0271677
0.0208795
0.00694185
0.0283003
0.0274293
0.00621736
0.0270037
0.0224116
0.00269349
0.0204486
0.0214336
0.00673831
0.00427935
0.000166953
0.00843364
0.049309
0.0266451
0.0101316
0.0276576
0.00315678
0.0125939
0.0271677
0.0148223
0.0231686
0.0283003
0.00273511
0.0253891
0.00362051
0.0271677
0.0227494
0.0392725
0.0213986
0.0160695
0.0253891
0.0188502
0.00658911
0.0254338
0.0313759
0.0160598
0.0194862
0.0267624
0.0283003
0.0218973
0.0220506
0.0425021
0.0337603
0.00828022
0.003802
0.0285038
0.0141109
0.0214224
0.00828022
0.0233272
0.0196504
0.0283003
0.00224575
0.0316617
0.01627
0.00749683
0.00269349
0.00759304
0.0254338
0.0168376
0.0394921
0.00269349
0.0224116
0.0393796
0.00895491
0.021204
0.0154523
0.0349245
0.0124211
0.000391454
0.00473881
0.00357896
0.0267216
0.0127919
0.00142963
0.00136718
0.0154523
0.0117587
0.00815219
0.0114497
0.00889809
0.0151676
0.0216187
0.0127919
0.0271677
0.0270413
0.00440457
0.0259507
0.032213
0.0124211
0.0155649
0.0140272
0.0205784
0.00445551
0.0032412
0.0277115
0.0198278
0.00512873
0.00701876
0.0216187
0.023519
0.00512873
0.00269349
0.0345156
0.00269349
0.00376594
0.00315303
0.00815219
0.0243501
0.0297724
0.0032412
0.0241256
0.0300208
0.037406
0.0261603
0.0267216
0.00657958
0.0375708
0.00104854
0.0267216
0.0209872
0.00104854
0.00742882
0.0300749
0.0216187
0.0217
0.0276576
0.0233272
0.00815219
0.0249276
0.0032412
0.00224575
0.0254338
0.002904
0.0353745
0.0109996
0.00612706
0.00800578
0.0140799
0.0119813
0.0269997
0.0237453
0.0300208
0.00217661
0.0109566
0.00167229
0.00958097
0.00841393
0.0271677
0.0124211
0.00815219
0.0233272
0.0032412
0.0160695
0.0345156
0.0274293
0.0283003
0.00624993
0.00588025
0.0317828
0.0267216
0.0110013
0.0291647
0.0207756
0.00889809
0.0201922
0.00644934
0.0358674
0.003272
0.00929862
0.00744152
0.0032412
0.032575
0.00131071
0.036964
0.00816262
0.0394166
0.0199517
0.0388578
0.0241046
0.0203702
0.0298097
0.00384369
0.0163739
0.0108089
0.00800578
0.00396724
0.00722872
0.0129964
0.0119769
0.0078854
0.0275668
0.0261603
0.0163739
0.00673831
0.0331657
0.00673831
0.0283003
0.0069952
0.0207045
0.0377297
0.0331657
0.00438809
0.000262111
0.029449
0.000391454
0.00770277
0.0216187
0.0231567
0.00670031
0.0239916
0.0283003
0.0369551
0.00179847
0.0108666
0.032213
0.0301359
0.0158623
0.0217473
0.00673831
0.00701876
0.00126052
0.00126052
0.0227494
0.00104854
0.0230248
0.00296921
0.0317828
0.0138671
0.010861
0.00958097
0.00624993
0.00868705
0.0191994
0.000843883
0.0461306
0.0148091
0.0306108
0.0353745
0.0013175
0.0322761
0.0330627
0.0032412
0.00810921
0.00856742
0.00800578
0.00296921
0.0330627
0.00864464
0.0153729
0.0193326
0.00440457
0.00393438
0.00881089
0.0234465
0.0099193
0.00841393
0.0220506
0.0271677
0.0233272
0.0261723
0.00343224
0.0394166
0.0283003
0.0306108
0.00410992
0.00852323
0.0167198
0.0216187
0.0255852
0.0197078
0.00434867
0.00800578
0.0163739
0.0360708
0.00224575
0.0213663
0.0204769
0.0254338
0.0271677
0.0345156
0.0345156
0.00588025
0.0271677
0.0124211
0.0160598
0.0407776
0.0307748
0.0339894
0.0391744
0.00142963
0.00501865
0.00030601
0.0216187
0.00224575
0.0117587
0.0124211
0.0163739
0.0216187
0.0300208
0.00283432
0.0243714
0.0241541
0.0162925
0.0119813
0.011167
0.00957662
0.0165485
0.0196504
0.0127919
0.026312
0.00903425
0.017022
0.00090307
0.0116635
0.026312
0.0344394
0.0231438
0.0227494
0.0191994
0.0201154
0.0353745
0.0224993
0.0216187
0.0139338
0.0191994
0.0134894
0.0303726
0.0214336
0.0276576
0.0254338
0.0032412
0.0308701
0.020574
0.0237283
0.00988084
0.00217661
0.00274456
0.0167838
0.0300402
0.00269349
0.00425863
0.0135908
0.0331657
0.0070138
0.00376594
0.0028398
0.00855327
0.00943503
0.0099193
0.0230877
0.00269349
0.00742882
0.0125858
0.0272777
0.0135908
0.0085485
0.0163739
0.00588025
0.024454
0.0208795
0.0327462
0.0331497
0.0173122
0.00658911
0.0229703
0.0106475
0.029449
0.0297724
0.0326062
0.00943503
0.00354815
0.00110027
0.0200213
0.0277115
0.0177771
0.00767887
0.00527954
0.000166953
0.0243501
0.0267216
0.0267216
0.0271677
0.0267216
0.0275668
0.0407776
0.0177771
0.00266342
4.13954e-05
0.0114497
0.032213
0.00285929
0.0142395
0.00402409
0.0151676
0.00224575
0.0216187
0.0300208
0.0208148
0.0283003
0.0171109
0.002904
0.0257552
0.011932
0.0283003
0.0321076
0.0206111
0.00565445
0.0109996
0.0124211
0.00153577
0.00669193
0.0391833
0.00800578
0.0271677
0.0205784
0.0178477
0.0271677
0.0196077
0.00588025
0.0130256
0.00357896
0.0283003
0.0321929
0.000365466
0.002904
0.0142442
0.00343224
0.00438809
0.0385412
0.0152839
0.0380777
0.0299103
0.0117312
0.00321394
0.00217661
0.0216187
0.00715482
0.0244799
0.0485333
0.014844
0.024454
0.0254338
0.0261603
0.0142442
0.0207045
0.00678486
0.0237283
0.0232559
0.0277115
0.0195809
0.0271677
0.00701876
0.0195809
0.012326
0.00232631
0.0375918
0.0219469
0.00180417
0.0110035
0.00385517
0.0174886
0.00699973
0.00104854
0.0271319
0.0203825
0.0216187
0.0283003
0.0279707
0.00694185
0.0181626
0.0154523
0.00894915
0.00555384
0.0195809
0.0267216
0.0216187
0.0228922
0.03608
0.00217661
0.00556067
0.010383
0.0298803
0.00767887
0.0319154
0.0109566
0.0200758
0.029449
0.0267216
0.00104854
0.0433562
0.0237321
0.0267216
0.0380777
0.00427935
0.0301359
0.0214336
0.049309
0.0254338
0.0264874
0.0413955
0.0233272
0.002904
0.00902277
0.00588025
0.0254338
0.00434867
0.00224575
0.00781742
0.0337603
0.00638926
0.00894915
0.0142395
0.0201922
0.00657958
0.0179362
0.0257423
0.0359895
0.00441009
0.0353745
0.00942087
0.0076635
0.0155751
0.00496155
0.0189788
0.00658911
0.0236409
0.0203702
0.00273511
0.0267216
0.0267216
0.0283003
0.00365704
0.0267216
0.0191994
0.0254338
0.0195809
0.0272777
0.0135908
0.0298097
0.0031057
0.00770277
0.0254338
0.00543708
0.0139148
0.0168376
0.0120159
0.0242831
0.049309
0.0155751
0.0044834
0.0243501
0.026181
0.0076635
0.0155691
0.0298803
0.0129964
0.0283003
0.0213663
0.0283003
0.0156952
0.0148091
0.00815219
0.0254338
0.0267216
0.0300402
0.0254338
0.0249276
0.0283003
0.0311346
0.0247768
0.0154523
0.0493988
0.0243501
0.0163739
0.0139514
0.00754726
0.00505534
0.03608
0.0365888
0.0231686
0.0283003
0.0317828
0.0231567
0.0367044
0.0237453
0.0181407
0.00239146
0.00715482
0.0163739
0.0341408
0.00894915
0.0271677
0.0166298
0.0241256
0.00215129
0.00182158
0.0208795
0.0321929
0.0237283
0.0168995
0.00958097
0.00384369
0.032213
0.0359288
0.0101806
0.0208795
0.0337498
0.0293477
0.0237252
0.0264874
0.0136212
0.0125939
0.00269349
0.0231686
0.0126755
0.032213
0.0183994
0.0154396
0.0243501
0.00354815
0.0283003
0.0254338
0.0379305
0.0139514
0.0114462
0.0269997
0.0283003
0.0231686
0.0106238
0.00759304
0.0134823
0.0163739
0.0254338
0.03608
0.00843364
0.0160683
0.00673831
0.0257423
0.000391454
0.0108666
0.0283003
0.0178075
0.00224575
0.0163739
0.00755051
0.00843364
0.0322761
0.0172531
0.00815219
0.0171757
0.028189
0.0169897
0.000389934
0.0101316
0.023519
0.0169897
0.0283003
0.00542513
0.00476613
0.0380271
0.0331629
0.00363594
0.00621736
0.0163739
0.00755051
0.00736982
0.0127108
0.0294429
0.0283003
0.0275668
0.0101316
0.00765436
0.00441182
0.0257552
0.0110035
0.03608
0.0269829
0.0231686
0.0216187
0.00744152
0.00017643
0.0189788
0.00816262
0.015931
0.0321929
0.0240998
0.0237321
0.00536686
0.0330627
0.0234249
0.0233272
0.00852323
0.0060854
0.0272777
0.026312
0.0433562
0.0103142
0.00232631
0.00658911
0.0207487
0.0203702
0.0271677
0.00399911
0.030224
0.0126755
0.0178477
0.0272777
0.0257552
0.00269349
0.0216187
0.0154418
0.00505534
0.0283003
0.00224575
0.0331657
0.0203702
0.0163739
0.00142963
0.00224575
0.0396491
0.0196382
0.0110863
0.0123062
0.0134062
0.0062215
0.00889809
0.0322761
0.0267216
0.0098142
0.0227351
0.0181626
0.0300208
0.000391454
0.0135908
0.0107862
0.0229561
0.0193326
0.0139643
0.0174886
0.037406
0.00224575
0.0377328
0.00017643
0.00957662
0.00894915
0.0267216
0.00011766
0.0203702
0.0269997
0.00418502
0.0376166
0.0208148
0.00621736
0.0267632
0.00903425
0.0233272
0.0208795
0.003272
0.0226689
0.0271677
0.00215129
0.0271677
0.0106475
0.0178422
0.0308383
0.0140447
0.0163739
0.03608
0.0267216
0.00224575
0.0243501
0.0188502
0.0283003
0.0168995
0.00759304
0.0217372
0.0228051
0.00434867
0.0129964
0.0162797
0.0139148
0.0459873
0.0314901
0.0271677
0.0217372
0.00269349
0.00781742
0.0283003
0.0283003
0.0254338
0.00770277
0.0267216
0.0062215
0.0353081
0.00506103
0.0013175
0.0163739
0.0159765
0.0233272
0.0354818
0.0247225
0.0337603
0.0203702
0.00434867
0.00454143
0.00245209
0.0283003
0.049309
0.00738329
0.0198057
0.0321929
0.0116635
0.017466
0.0283003
0.00371024
0.0167763
0.0271677
0.0271677
0.0271677
0.00722872
0.00434867
0.0188502
0.0147152
0.0229561
0.0257552
0.0243501
0.0160695
0.0163739
0.0254338
0.00774014
0.0265971
0.00434867
0.0160683
0.0208795
0.000391454
0.0267216
0.0212489
0.0407776
0.00410198
0.0297875
0.0227351
0.0271677
0.00657958
0.00815219
0.0162402
0.0269688
0.0276576
0.023519
0.00658911
0.0364005
0.00715482
0.0339894
0.0177113
0.0203702
0.0253281
0.00816262
0.0243501
0.0270037
0.0208795
0.00701876
0.00536686
0.020574
0.0382964
0.00621736
0.0119769
0.0219469
0.0422289
0.0267632
0.0154585
0.0271677
0.0163739
0.0124211
0.00131071
0.0178521
0.0237453
0.00269349
0.00875235
0.00427935
0.0229561
0.000391454
0.00440457
0.0429568
0.0186213
0.0261603
0.034145
0.0254338
0.0254338
0.0243501
0.0283003
0.00852323
0.0216187
0.00217834
0.0131473
0.0193924
0.00588025
0.0327315
0.0174727
0.0127919
0.00512406
0.0441522
0.00446987
0.032213
0.0278668
0.0306108
0.0261868
0.0162925
0.0398005
0.00800578
0.0267216
0.0283003
0.00400668
0.0461306
0.0283003
0.0110013
0.0341408
0.0179078
0.00269349
0.00624993
0.0254338
0.0060943
0.0429568
0.0283003
0.00658911
0.00815219
0.00541145
0.0342091
0.0201922
0.00556067
0.00934617
0.0103758
0.0283003
0.0164445
0.00432622
0.0131207
0.0271677
0.016046
0.0245119
0.023519
0.0433562
0.0271677
0.00224575
0.00637144
0.03435
0.00698736
0.0155649
0.00269349
0.018947
0.0258832
0.00360197
0.0168376
0.0245115
0.0267216
0.0283003
0.0271677
0.0218462
0.0268324
0.0230248
0.0389569
0.00418791
0.00852323
0.0365888
0.0187934
0.0187005
0.0272777
0.00650191
0.0109311
0.0441522
0.00815219
0.0254338
0.00815219
0.0219652
0.0365888
0.0113581
0.0271677
0.00822163
0.0283003
0.0216187
0.0380567
0.00505316
0.0310782
0.00658911
0.0243501
0.00589728
0.026312
0.0271677
0.00539356
0.00759304
0.013428
0.0304458
1.98185e-05
0.031754
0.0234465
0.0147045
0.00232631
0.00542513
0.00631842
0.00137813
0.00219744
0.0217372
0.00169359
0.029449
0.0261868
0.00803298
0.0060943
0.0319618
0.00704402
0.0326062
0.00261855
0.0209872
0.00136718
0.00365704
0.00269349
0.0163739
0.0183404
0.0203702
0.00957662
0.0243501
0.0354221
0.0134823
0.00131071
0.0267632
0.0194958
0.00988084
0.0457744
0.0208795
0.00669193
0.0216187
0.0127919
0.0151676
0.0205784
0.0114462
0.0193509
0.00399911
0.028189
0.0079096
0.0163739
0.0278668
0.00371024
0.00527954
0.00030601
0.0203825
0.0306108
0.0298097
0.00588025
0.0214336
0.0267632
0.0120159
0.000843883
0.0216187
0.0195809
0.00217661
0.0163739
0.00767887
0.0028398
0.0214734
0.00315303
0.0286161
0.0261603
0.0277115
0.0433562
0.0459873
0.0240998
0.0277803
0.00217661
0.00224575
0.0162797
0.040064
0.0160598
0.00942087
0.0124211
0.0344502
0.0353064
0.0277803
0.0163739
0.0162402
0.0271677
0.0233272
0.0114864
0.0272074
0.0267216
0.0317828
0.0159765
0.03608
0.00658911
0.0070138
0.0335122
0.0213663
0.00224575
0.00722872
0.0257423
0.0293281
0.0283003
0.00473881
0.00673831
0.00612706
0.0070138
0.00011766
0.00767887
0.0139643
0.0321929
0.00673831
0.0310589
0.0380701
0.0131473
0.00810921
0.0189728
0.00881089
0.0243501
0.00030601
0.0216187
0.00870219
0.0337498
0.00755051
0.00468916
0.0216187
0.0277115
0.011932
0.0177113
0.00816262
0.0240998
0.0364971
0.0475521
0.0353745
0.031809
0.0347118
0.00588025
0.0306108
0.0342091
0.0278668
0.00588025
0.0216187
0.0173122
0.0272777
0.00887436
0.0162727
0.0310782
0.0231686
0.023519
0.0337603
0.00566709
0.032213
0.00629169
0.0377297
0.0337012
0.00631842
0.0283003
0.0317051
0.00657958
0.00815219
0.00399911
0.00841393
0.0249563
0.0326062
0.0267216
0.028189
0.0125858
0.0163739
0.0318873
0.0243501
0.0300208
0.00588025
0.0119813
0.00800578
0.0257423
0.0220506
0.0203825
0.0120159
0.00726777
0.0454367
0.03608
0.0223564
0.00673831
0.0271677
0.0162727
0.0306108
0.00903425
0.00169359
0.0267216
0.0160598
0.0227494
0.0217
0.0123683
0.0257552
0.0278668
0.036221
0.0283003
0.0119769
0.0276576
0.0320989
0.00755051
0.0283003
0.0273096
0.0237321
0.0124211
0.0443186
0.0249276
0.0455274
0.0321929
0.0216187
0.0103758
0.0219494
0.00815219
0.0142442
0.037406
0.00722872
0.0267216
0.00429159
0.0350236
0.00841393
0.0174886
0.0224116
0.00841393
0.0162174
0.00970781
0.00612706
0.00224575
0.0379087
0.00894915
0.00658911
0.0270413
0.002904
0.0299103
0.0345156
0.00506103
0.0195876
0.00684646
0.00543708
0.00894915
0.0278067
0.0883987
0.0261603
0.0191884
0.0032412
0.0153729
0.0283003
0.00396724
0.0162402
0.0269997
0.00505534
0.014204
0.00441182
0.0283003
0.0254338
0.0219469
0.0216187
0.0322761
0.00722872
0.0364005
0.0218462
0.0243501
0.0267216
0.0231567
0.0032412
0.0163739
0.0347622
0.00658911
0.0353745
0.00447676
0.0277115
0.0227494
0.0396491
0.00983471
0.00459564
0.00184408
0.00774014
0.030605
0.0394166
0.0723056
0.0249146
0.0216187
0.0271677
0.0254548
0.00755051
0.015931
0.00828022
0.0216187
0.0187934
0.00427935
0.0164445
0.00542513
0.0196777
0.0276576
0.00841393
0.0267216
0.0353745
0.0233881
0.0271677
0.00434867
0.0254338
0.00269349
0.00800578
0.0198057
0.0269997
0.0148091
0.0255284
0.0060943
0.0114462
0.0127919
0.00132281
0.0188502
0.0269997
0.0276576
0.000748634
0.0267216
0.0243501
0.00224575
0.0348987
0.0271677
0.0240998
0.00800578
0.0271677
0.00903425
0.00441009
0.0331657
0.0195809
0.00269349
0.00378197
0.0148223
0.0254338
0.0380271
0.0377297
0.00800578
0.0196382
0.03608
0.0377297
0.00901121
0.0317828
0.00167229
0.0216187
0.0129964
0.00179847
0.0160598
0.0309331
0.000995755
0.0190705
0.0300208
0.0110035
0.0883987
0.0254338
0.0162402
0.0479463
0.0283003
0.00770277
0.00269349
0.00658911
0.0271677
0.0201886
0.00385517
0.00384369
0.00578296
0.0124211
0.0219729
0.00755051
0.0271677
0.0283003
0.032213
0.0258832
0.0127919
0.00030601
0.0337498
0.000804335
0.0217372
0.018947
0.0257552
0.0169897
0.0180385
0.00881089
0.0267632
0.0283003
0.0394641
0.000804335
0.0119034
0.000707567
0.0178521
0.0219652
0.0153729
0.010861
0.0212733
0.0298097
0.00272214
0.0125939
0.026312
0.00755051
0.00694185
0.0429568
0.0195809
0.00224575
0.0224116
0.0236409
0.0271677
0.029449
0.0271677
0.0209872
0.0243501
0.0233881
0.0388425
0.0310782
0.00410198
0.0444109
0.036901
0.00800578
0.00179847
0.0283003
0.00673831
0.0178477
0.0191994
0.0373074
0.0257729
0.028189
0.0301479
0.00894915
0.0189788
0.0216187
0.0345156
0.00588025
0.0277115
0.00699973
0.00418791
0.0163739
0.012326
0.0344394
0.028189
0.00815219
0.000438631
0.0205205
0.0241541
0.0329233
0.0032412
0.00722872
0.0013175
0.0101082
0.0227494
0.0297521
0.00670031
0.0106475
0.0118124
0.00841393
0.0103142
0.00365704
0.0163739
0.0257423
0.0212489
0.0198169
0.0101785
0.0279707
0.00815219
0.0293477
0.0258906
0.0149083
0.00506103
0.0189788
0.0151676
0.00722872
0.0254338
0.00245209
0.0189788
0.000426769
0.00385517
0.00859374
0.0032412
0.0283003
0.0170053
0.0296677
0.0267216
0.00224575
0.00800578
0.0271677
0.0145799
0.0161303
0.0205784
0.0287454
0.00708592
0.0241067
0.0234412
0.00828022
0.002904
0.000995755
0.0148091
0.0208795
0.0142442
0.0345156
0.0300208
0.012326
0.00113356
0.00678486
0.00657958
0.0154585
0.0119769
0.0493988
0.00698736
0.0181407
0.0216187
0.0344692
0.0148091
0.0219494
0.0153094
0.03608
0.00815219
0.0233272
0.00726777
0.00658911
0.0353822
0.0243501
0.00017643
0.00726777
0.00440457
0.0227351
0.0228051
0.0472397
0.00030601
0.0117587
0.0320803
0.00224575
0.0283003
0.0114462
0.0193509
0.00446987
0.00694185
0.0231194
0.00328046
0.0315824
0.0271677
0.00755051
0.0216187
0.0285038
0.0106238
0.0231567
0.0032412
0.0254338
0.00875235
0.00670031
0.0227494
0.0283003
0.0178477
0.01627
0.00399911
0.00382805
0.0219652
0.0279707
0.00578296
0.014322
0.0162925
0.0321929
0.00527954
0.0242899
0.0268324
0.00722872
0.00736982
0.00588025
0.0200213
0.0132388
0.0227351
0.00957662
0.0300208
0.00943992
0.0148223
0.0224654
0.0247225
0.00881089
0.0464759
0.00473881
0.0283003
0.0100362
0.00090307
0.0198278
0.00269349
0.00224575
0.0273096
0.0101128
0.0203825
0.0283003
0.00658911
0.0257181
0.00217661
0.00543708
0.0163739
0.0283003
0.0283003
0.0219652
0.0287389
0.00381714
0.0127108
0.00881089
0.0271677
0.016285
0.0106238
0.026312
0.0254338
0.0182926
0.0216187
0.00713569
0.0101785
0.0267632
0.0283003
0.0155897
0.0254338
0.00137813
0.00440457
0.00466692
0.0385412
0.0330627
0.0218855
0.0124211
0.00987017
0.00103354
0.00588025
0.00224575
0.0218973
0.00948715
0.0119813
0.0183994
0.00224575
0.00624993
0.00708592
0.00565445
0.0130256
0.0244799
0.0308383
0.00343224
0.00357896
0.0883987
0.00385517
0.0219652
0.0127919
0.0234465
0.0396491
0.0203825
0.0314901
0.00217661
0.00943992
0.00713569
0.0267216
0.0249276
0.0213986
0.0208148
0.0198905
0.0013175
0.0108089
0.0160695
0.00722872
0.00767887
0.00273511
0.00217661
0.023519
0.0166326
0.0148091
0.00434867
0.00699073
0.0123205
0.023519
0.0154523
0.00136718
0.0066531
0.0120014
0.00755051
0.020574
0.036901
0.024156
0.0300402
0.00455612
0.0233881
0.0317828
0.0267216
0.037865
0.00434867
0.0138671
0.00957662
0.0316617
0.0292788
0.00767887
0.0203825
0.0198169
0.0117618
0.0103142
0.0129496
0.00815219
0.0165485
0.0331657
0.00266342
0.0267088
0.0248099
0.0118124
0.0163739
0.00011766
0.0267216
0.00822163
0.0283938
0.0389569
0.00706509
0.0032412
0.0207974
0.0203702
0.0160695
0.0191994
0.0272777
0.00262237
0.0267624
0.0121991
0.00701876
0.0300402
0.00755051
0.014703
0.00707802
0.0163739
0.00580868
0.00673831
0.00859374
0.00743248
0.0118124
0.0243501
0.00855327
0.0267088
0.0368514
0.00447676
0.0207487
0.0276576
0.0178477
0.0101316
0.0169852
0.00441182
0.0233272
0.0339894
0.0276214
0.0106475
0.0390453
0.00224575
0.034145
0.0153094
0.0139148
0.00269349
0.0341408
0.0163739
0.00624993
0.00815219
0.0121137
0.0208795
0.0208148
0.03608
0.00815219
0.034145
0.0267632
0.0277115
0.0393673
0.0257181
0.0231567
0.0110035
0.0216187
0.0208777
0.0319154
0.0224116
0.00224575
0.0283003
0.0440176
0.0163739
0.0227494
0.00664622
0.0197078
0.0241541
0.0267216
0.0220537
0.03608
0.03608
0.0330627
0.00759304
0.0233272
0.0146754
0.000262111
0.00713569
0.0216187
0.00245209
0.010042
0.0177771
0.0160167
0.0234249
0.0316617
0.00738329
0.0243501
0.00439718
0.0377145
0.0195809
0.0233272
0.00224575
0.0217372
0.0149083
0.0279707
0.00767887
0.0300402
0.0197078
0.0165485
0.0267216
0.00445551
0.0227494
0.0330323
0.0283003
0.00184408
0.0365658
0.00767887
0.0278668
0.00399911
0.0124211
0.0216187
0.0283003
0.00269349
0.0254338
0.0379087
0.029449
0.0308701
0.0255852
0.00357896
0.0248099
0.023519
0.0167198
0.00440457
0.0323988
0.0343734
0.0298097
0.0223564
0.00434867
0.0380567
0.00841393
0.0228051
0.0300208
0.0163739
0.0297521
0.0089094
0.0208148
0.003272
0.00410198
0.0344394
0.0070138
0.0393673
0.024864
0.0178075
0.0203702
0.00894915
0.00224575
0.00810921
0.0124211
0.0183504
0.0243714
0.00713569
0.0162402
0.0358797
0.00543708
0.00400472
0.0270037
0.0206111
0.0163739
0.0244799
0.00434867
0.0392725
0.0271677
0.00565445
0.0271677
0.026312
0.00774014
0.00794928
0.0267216
0.0217372
0.002904
0.00393438
0.0269997
0.0365888
0.00800578
0.00180417
0.00164992
0.0153094
0.00556067
0.0325421
0.0199517
0.0167198
0.0260273
0.024156
0.0219469
0.00755051
0.0268725
0.0271677
0.00624993
0.0200758
0.000473935
0.00115311
0.0154585
0.014844
0.00843364
0.0120159
0.00468916
0.00800578
0.00881089
0.024442
0.0200758
0.0353081
0.0246058
0.0245119
0.0163739
0.0110863
0.0101082
0.00113356
0.00440457
0.0425418
0.0301359
0.0257552
0.00030601
0.0224116
0.0283938
0.00482148
0.0165485
0.0254338
0.0190161
0.0198278
0.0199517
0.00943503
0.0154418
0.0139514
0.00708592
0.0283003
0.0353745
0.00864464
0.00460118
0.0300208
0.00699973
0.0241067
0.0062215
0.0267216
0.00841393
0.0198169
0.0198278
0.00446987
0.0216187
0.0180385
0.0304127
0.0173122
0.0120159
0.00262237
0.0171109
0.0187934
0.00429988
0.0163739
0.00713569
0.00698736
0.00224575
0.0279707
0.0198905
0.00440457
0.0281386
0.00224575
0.0378761
0.0365758
0.0331657
0.0124211
0.0248099
0.00843364
0.0241256
0.0337603
0.000843883
0.00376594
0.0207974
0.00815219
0.0269829
0.00296921
0.0196962
0.0140799
0.0230248
0.0271677
0.00269349
0.0235913
0.0134823
0.0203702
0.0271677
0.00230235
0.0153729
0.0209794
0.016285
0.00800578
0.0199517
0.0299378
0.0168376
0.0187005
0.0191884
0.0472397
0.00612706
0.0127919
0.00942087
0.0265971
0.0153094
0.025067
0.0163739
0.0268324
0.00588025
0.0307402
0.00396724
0.0125858
0.0106475
0.00444263
0.0347523
0.0164693
0.032213
0.0254338
0.0124211
0.0326062
0.000843883
0.00475901
0.0126775
0.0103758
0.0160683
0.0341408
0.0233073
0.0209794
0.034145
0.00150549
0.0368913
0.0152972
0.000300735
0.0216187
0.0243501
0.0233272
0.0243714
0.000995755
0.0171757
0.00779057
0.00539356
0.0261603
0.0271677
0.0113473
0.0300208
0.0167198
0.00440457
0.0163739
0.0283003
0.026312
0.0243714
0.0120014
0.018947
0.0216187
0.0216187
0.00755051
0.0321929
0.0298097
0.0340429
0.0203825
0.00200069
0.0206111
0.00815219
0.0407776
0.00726777
0.00365704
0.0264874
0.0227494
0.0154523
0.0208777
0.0283003
0.0311346
0.0279707
0.00505534
0.0148091
0.0353745
0.00506759
0.0267216
0.0319796
0.0160598
0.0283003
0.0249276
0.0300749
0.013428
0.0306108
0.00382805
0.0271677
0.0385412
0.00142963
0.00744152
0.0260273
0.0257729
0.0423276
0.0154418
0.0069095
0.0192323
0.0233272
0.0253891
0.0274293
0.00943503
0.0330627
0.00017643
0.0168376
0.00542513
0.00245209
0.0199517
0.00815219
0.0261046
0.0341408
0.00673831
0.029346
0.0283003
0.0160695
0.0317828
0.0162727
0.000995755
0.0140447
0.0277803
0.0139148
0.00715983
0.00142963
0.00983471
0.0214336
0.0236275
0.0271677
0.000878453
0.0234829
0.00131071
0.0298097
0.00765436
0.00384369
0.0233881
0.0208795
0.0153094
0.0262001
0.034014
0.023519
0.0163739
0.0163739
0.00800578
0.0345156
0.0270413
0.0372849
0.0254338
0.0341408
0.0330627
0.000262111
0.0217372
0.0127919
0.0279707
0.037865
0.0114462
0.0203825
0.00136718
0.0254338
0.0186213
0.00381714
0.0215312
0.0345156
0.00440457
0.0236844
0.00515786
0.00565445
0.0337551
0.0177771
0.00855327
0.00770277
0.0353822
0.0140956
0.0154585
0.0349842
0.0267216
0.00245209
0.0226689
0.002904
0.0365758
0.0283003
0.0148223
0.0254338
0.00017643
0.032213
0.00230235
0.00881089
0.00269349
0.0396491
0.00815219
0.00588025
0.00224575
0.0298097
0.00588025
0.00706509
0.029449
0.0163739
0.00631842
0.00434867
0.0317051
0.00889809
0.032213
0.036901
0.0341408
0.0295352
0.0316617
0.00296921
0.00895491
0.0271677
0.0301713
0.0364971
0.00166816
0.0257181
0.016285
0.00948715
0.0272902
0.0260273
0.00017643
0.0271677
0.0283003
0.00895491
0.0114462
0.0224391
0.000391454
0.0237453
0.0163739
0.0103142
0.0201392
0.00881089
0.0394166
0.00418791
0.0335068
0.0231194
0.0243501
0.00942087
0.0203702
0.00701876
0.0271677
0.0254338
0.0249276
0.0305499
0.0155897
0.0163739
0.018333
0.0283003
0.000804335
0.0163739
0.00418791
0.0216187
0.00224575
0.0210007
0.0277656
0.00825202
0.0267216
0.00180417
0.0283003
0.0271677
0.0243501
0.00217661
0.00852323
0.0119813
0.0110035
0.0197078
0.0327683
0.0231686
0.0167198
0.0391456
0.0297724
0.0167651
0.0254338
0.0283003
0.0455274
0.0125853
0.00755051
1.48416e-05
0.010539
0.0203702
0.00245209
0.00815219
0.0215939
0.00855327
0.00224575
0.0181407
0.00224575
0.00852323
0.00895491
0.00030601
0.013428
0.00224575
0.00110027
0.026312
0.0247295
0.00230235
0.0269997
0.0013175
0.0195809
0.0195809
0.0250275
0.0163739
0.0147141
0.0224993
0.0418972
0.0275182
0.0213166
0.0177771
0.0337498
0.0267216
0.00103354
0.00767887
0.0106475
0.00376594
0.0261603
0.0216187
0.0110035
0.0162402
0.0163739
4.13954e-05
0.0203702
0.00816262
0.0303726
0.00536686
0.0271677
0.00447676
0.0119034
0.0177771
0.00459564
0.0299259
0.0277803
0.00744152
0.034145
0.0032412
0.00506759
0.0187005
0.00816262
0.037406
0.0216187
0.00473559
0.0271677
0.00658911
0.00323361
0.00669193
0.0120159
0.030224
0.00429988
0.00408664
0.00030601
0.00815219
0.0242416
0.00273511
0.032213
0.0139643
0.0237283
0.0198278
0.0271677
0.0217
0.00815219
0.00273511
0.0154418
0.029449
0.026312
0.0151474
0.0208148
0.000391454
0.0181407
0.00767887
0.00699973
0.0228922
0.0283003
0.032213
0.0070138
0.0271677
0.0163739
0.0268324
0.0379378
0.00957662
0.00895491
0.0103758
0.00815219
0.0429568
0.0275295
0.0267088
0.0101785
0.0260273
0.0208795
0.0215312
0.00180417
0.00637737
0.0124211
0.0254338
0.0208795
0.0159765
0.00713569
0.00770277
0.0173122
0.0271677
0.0186075
0.0129964
0.0271677
0.0163739
0.0272777
0.0132984
0.0237252
0.00166816
0.00815219
0.00217661
0.0148091
0.00774014
0.0219729
0.0234249
0.00315303
0.0208148
0.0124211
0.0378019
0.0237321
0.0219729
0.00456864
0.011932
0.0233272
0.0423276
0.0214336
0.0201392
0.00269349
0.0354221
0.0162402
0.0216187
0.0399641
0.00371024
0.00575989
0.00943503
0.00030601
0.0278668
0.0120237
0.016046
0.00113356
0.0079096
0.0069095
0.0323333
0.024295
0.0321929
0.0271677
0.0257552
0.0103758
0.00755051
0.0247768
0.0032412
0.0124211
0.002904
0.0169897
0.0319154
0.0103142
0.00130928
0.00759304
0.0069095
0.00440457
0.009332
0.0361261
0.00670031
0.00694185
0.00468916
0.010901
0.0350236
0.002904
0.0383218
0.0160598
0.00743248
0.0342956
0.0131207
0.0275522
0.0193924
0.00765436
0.0256092
0.0186213
0.0261868
0.00767887
0.030224
0.00030601
0.0319154
0.00631842
0.0368913
0.012257
0.0271677
0.0297875
0.0331497
0.0347622
0.0243501
0.0319154
0.0243501
0.0191994
0.00658911
0.00269349
0.0253281
0.0237283
0.0163739
0.0155649
0.0134823
0.0249146
0.0339894
0.023519
0.00261855
0.00875235
0.0183378
0.0345156
0.0321929
0.0160167
0.0337603
0.0330627
0.0148091
0.0254338
0.0310782
0.00362051
0.0216187
0.0304458
0.0163739
0.00449091
0.010861
0.00011766
0.0116639
0.00180417
0.0044834
0.0269712
0.011385
0.0070138
0.00815219
0.0337498
0.00706509
0.0199517
0.0330323
0.00131071
0.0267216
0.0352055
0.00957662
0.0139514
0.0062215
0.024156
0.0193509
0.0149277
0.0260336
0.0135908
0.00030601
0.00312686
0.00230235
0.0160695
0.00447676
0.0273096
0.0279707
0.0231194
0.023519
0.0182964
0.0254338
0.0208148
0.0160683
0.0163739
0.00817537
0.0293216
0.0163739
0.0216187
0.00800578
0.0070138
0.00770277
0.0270037
0.0283003
0.00444263
0.0013859
0.00440457
0.0271677
0.0261603
0.0127919
0.00113356
0.00125244
0.0333783
0.00180417
0.00892866
0.00822163
0.0391505
0.0231323
0.00376594
0.00473559
0.0331629
0.0149505
0.00269349
0.0183994
0.0243501
0.012326
0.00942087
0.002904
0.0318873
0.0283003
0.00825202
0.0201922
0.0267216
0.0283003
0.00588025
0.0160695
0.032213
0.0119813
0.0283003
0.0275522
0.0208148
0.0277115
0.00673831
0.0321929
0.0163739
0.00887436
0.0443186
0.00637737
0.0231686
0.0300208
0.0394166
0.0163739
0.0300208
0.0257729
0.0297724
0.0209872
0.0283003
0.0249746
0.00376594
0.0195876
0.026312
0.0227494
0.0254338
0.0279707
0.028788
0.0396491
0.0232559
0.0200871
0.0109996
0.00624993
0.00747433
0.0322761
0.00224575
0.0136212
0.0203702
0.00399911
0.020574
0.0315232
0.0279707
0.010383
0.032127
0.0177771
0.00755051
0.0216187
0.0216187
0.0155751
0.00631842
0.0125858
0.0264874
0.0042097
0.025837
0.0153094
0.0162174
0.0273096
0.00744152
0.0167198
0.0173122
0.0227494
0.0271677
0.00815219
0.00527954
0.0121537
0.00800578
0.0269997
0.037406
0.0163739
0.0359427
0.0260801
0.0310564
0.0283003
0.0134894
0.00942087
0.028183
0.0283003
0.00673831
0.00744438
0.0315824
0.0109996
0.0283003
0.0318956
0.00694185
0.0268324
0.0163739
0.0111257
0.0243501
0.0267216
0.0069095
0.0281007
0.0154523
0.00372696
0.00505316
0.0260801
0.00902277
0.0103758
0.0257552
0.0160683
0.0283003
0.0103758
0.0297724
0.0183504
0.00399911
0.000995755
0.032213
0.00694662
0.029449
0.0493988
0.00781742
0.0271677
0.0394166
0.00767887
0.0345156
0.0228922
0.0079096
0.0139148
0.00447676
0.0153094
0.00943992
0.0130256
0.0134823
0.00749683
0.024156
0.037406
0.00217661
0.00759304
0.0169764
0.029449
0.0271677
0.0271677
0.0283003
0.0195809
0.0139643
0.0013175
0.0127919
0.0339894
0.00217661
0.0149505
0.0241541
0.0314035
0.00365704
0.0367044
0.0119813
0.00588025
0.0191994
0.0290532
0.00224575
0.0358797
0.0267216
0.00269349
0.000804335
0.000166953
0.0224116
0.00365704
0.00843364
0.0321929
0.0234249
0.00224575
0.0329233
0.0216187
0.0272777
0.0257064
0.0271677
0.0267216
0.0216187
0.00699973
0.0163739
0.0260336
0.00224575
0.00815219
0.0229561
0.00658911
0.00800578
0.00698736
0.0233272
0.032213
0.0127919
0.00224575
0.0180623
0.0248099
0.0103142
0.00800578
0.0271677
0.0183994
0.023519
0.00958097
0.00449091
0.0105979
0.0103758
0.0267216
0.003802
0.00957662
0.00475901
0.0288014
0.00402409
0.00982511
0.00612706
0.0156952
0.0187185
0.00224575
0.0177771
0.0383218
0.0271677
0.00678486
0.0127919
0.0283003
0.0309331
0.0032412
0.040367
0.00943992
0.0302137
0.0070138
0.0216187
0.00765436
0.00125244
0.0178075
0.00755051
0.0237283
0.0261723
0.00678521
0.0249563
0.0234829
0.0240998
0.010383
0.0396491
0.0315824
0.0275182
0.00224575
0.0277115
0.033515
0.00468916
0.00800578
0.000110567
0.00269349
0.0161303
0.0249563
0.0121592
0.0257552
0.0217817
0.0210258
0.0216187
0.00266342
0.0298097
0.0243501
0.0257552
0.0254338
0.0195809
0.0099193
0.0297724
0.0284622
0.03608
0.0283003
0.0299526
0.0361484
0.0208148
0.010383
0.0249563
0.0283003
0.0216187
0.0267216
0.0272777
0.00767887
0.0125858
0.0224993
0.00283432
0.0233272
0.0209415
0.0216187
0.0418972
0.0257552
0.0231567
0.0352055
0.00505316
0.0269997
0.0101316
0.0134823
0.00565445
0.0119813
0.0370659
0.00393438
0.00224575
0.0231567
0.00215129
6.634e-05
0.00506759
0.00090307
0.0224639
0.000391454
0.00425863
0.0208795
0.00117266
0.0158097
0.0271677
0.0293281
0.0360397
0.0127919
0.00164992
0.0257552
0.00815219
0.0124211
0.0463161
0.0203825
0.0275668
0.0163739
0.00224575
0.00815219
0.0124211
0.0108089
0.00536686
0.0126755
0.00447676
0.00828022
0.00376816
0.00855327
0.0344394
0.0100019
0.00744152
0.0231438
0.0106238
0.00224575
0.0212489
0.0163739
0.00440457
0.0283003
0.00673831
0.0267216
0.0103758
0.0243501
0.00673831
0.0208795
0.0177771
0.0105979
0.0271677
0.0483026
0.000519693
0.0355508
0.0275522
0.00232631
0.0216187
0.00708592
0.0099193
0.0163739
0.0316617
0.0354818
0.03608
0.00800578
0.0257181
0.0343734
0.0258832
0.0272074
0.0283003
0.0167198
0.0321929
0.0214336
0.0243501
0.0106475
0.032213
0.0293281
0.0318956
0.00215129
0.0217372
0.0200871
0.00986117
0.0307402
0.0124211
0.00445551
0.0209872
0.0264971
0.0163739
0.0304127
0.0368913
0.00958097
0.00706509
0.0140799
0.0301479
0.0317051
0.00943503
0.0271677
0.0338097
0.0163739
0.0330627
0.00215129
0.00929862
0.00800578
0.0272074
0.0216187
0.00621736
0.0128673
0.0170053
0.0300208
0.0387191
0.00894915
0.026312
0.0166078
0.0339894
0.00137813
0.0433562
0.0199517
0.0275668
0.0234829
0.0193924
0.0197797
0.0250275
0.0171109
0.000391454
0.00142963
0.0154585
0.0119813
0.032213
0.0423276
0.0237015
0.0236102
0.00743248
0.0233073
0.00815219
0.0173122
0.0254338
0.00235546
0.0103758
0.0321929
0.00365704
0.0233272
0.0297724
0.0159765
0.0181407
0.00363594
0.00142963
0.0101316
0.0459894
0.0154523
0.00515786
0.0429568
0.0323988
0.0386174
0.00765436
0.00365704
0.00239146
0.0163739
0.0319618
0.00434867
0.00224575
0.0069095
0.00446987
0.00852323
0.0233272
0.0348987
0.0191729
0.00402409
0.0163739
0.00708592
0.0455274
0.0191729
0.00434867
0.00889809
0.0234412
0.00512873
0.0234829
0.00542513
0.00701876
0.0271677
0.010861
0.029346
0.0275522
0.00878239
0.00785124
0.0206111
0.00354815
0.00767887
0.0213663
0.00624993
0.0275295
0.00224575
0.00167229
0.0123453
0.00815219
0.0100019
0.032213
0.0243501
0.00982511
0.012257
0.0147141
0.00770277
0.00841393
0.0304458
0.0214336
0.0157725
0.00943503
0.00142963
0.0380271
0.00638926
0.0258832
0.0153094
0.00360197
1.98185e-05
0.000262111
0.0219652
0.0271677
0.0352198
0.0203825
0.00800578
0.0124211
0.0241067
0.013555
0.0148091
0.0267632
0.02917
0.0079096
0.0345156
0.0269997
0.0257552
0.0243501
0.0121592
0.0267216
0.00429988
0.00400668
0.0393796
0.0162174
0.0230248
0.00637823
0.0127919
0.00943992
0.003802
0.0279707
0.0271677
0.0208795
0.0243501
0.037406
0.0118255
0.00673831
0.00166816
0.0205784
0.0189788
0.0283254
0.026312
0.00382805
0.00637737
0.00800578
0.0283003
0.00475901
0.0201392
0.0216187
0.0101785
0.0177771
0.0302844
0.0163739
0.0124211
0.023519
0.0267216
0.00612706
0.0195809
0.0208148
0.0299103
0.0300208
0.0139148
0.0254338
0.0234829
0.0237252
0.0198278
0.0250919
0.0269997
0.00744438
0.0277115
0.0268324
0.0219283
0.0254338
0.0309331
0.00658911
0.0310782
0.000804335
0.0240998
0.0076635
0.016285
0.00699973
0.00770277
0.0101316
0.000707567
0.0241541
0.00934617
0.0321929
0.0353745
0.0276069
0.0233272
0.00385517
0.0272777
0.0377145
0.0162402
0.00559649
0.0124211
0.0272902
0.0070138
0.00767887
0.0217473
0.0279707
0.0331133
0.00232631
0.00512406
0.0131473
0.0277115
0.0283003
0.046094
0.0379087
0.00658911
0.0118255
0.00245209
0.00889809
0.0295352
0.00402409
0.00184408
0.00132281
0.0283003
0.00943503
0.0208148
0.00269349
5.00679e-05
0.0391744
0.0195809
0.0121137
0.0076635
0.00542513
0.0243501
0.032575
0.030512
0.0232122
0.0277115
0.000843883
0.0249276
0.00694185
0.002904
0.00468916
0.00942087
0.00957662
0.0367171
0.00942087
0.0106238
0.00669193
0.0243501
0.00673831
0.0193924
0.00894915
0.0250857
0.0169852
0.00137813
0.00621736
0.00878239
0.00673831
0.0336919
0.0167198
0.0365888
0.0216187
0.0341408
0.0162174
0.0331657
0.0276609
0.00217834
0.00815219
0.0221996
0.0227351
0.00269349
0.027122
0.0258628
0.00825202
0.0347118
0.00765436
0.034145
0.0209459
0.0060854
0.00527954
0.032213
0.00770277
0.0201922
0.0283003
0.00452387
0.0267216
0.00505534
0.00559649
0.00843364
0.000391454
0.0271677
0.00815219
0.0317828
0.0192323
0.025067
0.0307402
0.0110013
0.03608
0.0195809
0.0130256
0.049309
0.0261603
0.0163739
0.0231194
0.0297724
0.0264971
0.0246058
0.00505316
0.0323988
0.0330627
0.0195809
0.0258628
0.0127919
0.0254338
0.0224116
0.0208795
0.00506759
0.00126052
0.000166953
0.0283003
0.0171109
0.0151676
0.00217661
0.0265971
0.0306108
0.0267216
0.023519
0.00699973
0.0203702
0.0191994
0.0271677
0.00399911
0.00713569
0.00136718
0.00315678
0.00699973
0.0348987
0.0264874
0.0154523
0.00770277
0.0390453
0.012326
0.0267088
0.0283003
0.00454143
0.0283003
0.0321929
0.025067
0.0337012
0.0283003
0.0124211
0.0329233
0.00726777
0.00505534
0.0149083
0.0120715
0.0109311
0.032213
0.0163739
0.0283003
0.0191729
0.00815219
0.0182926
0.00934617
0.00452387
0.00266342
0.0258628
0.0267216
0.0295352
0.00815219
0.00694185
0.021204
0.00030601
0.0271677
0.00283432
0.00224575
0.0219494
0.00800578
0.0125858
0.029449
0.00722872
0.029449
0.00444263
0.000707567
0.0261603
0.0243501
0.00556067
0.0268324
0.0113354
0.000110567
0.013428
0.0219729
0.00556067
0.00894034
0.0174846
0.0198278
0.0283003
0.0241256
0.0158623
0.0231567
0.00875235
0.0194958
0.0271677
0.00779057
0.0249276
0.000804335
0.00446987
0.0209872
0.00621736
0.0127919
0.031754
0.0283003
0.00385517
0.0300208
0.0163739
0.00224575
0.0330627
0.0103758
0.00698456
0.00911468
0.00217661
0.0319154
0.014204
0.0321929
0.0341408
0.0194958
0.00650191
0.0156952
0.0163739
0.00783271
0.0181407
0.0151676
0.0178075
0.0216187
0.0317828
0.0216187
0.0131207
0.00445551
0.00468916
0.025837
0.00180417
0.0193509
0.00455612
0.00536132
0.0153094
0.0309331
0.00224575
0.0162402
0.0177544
0.0254338
0.037406
0.0099193
0.00852323
0.0267216
0.00698736
0.00400668
0.00269349
0.0348987
0.0101785
0.00852323
0.0216187
0.0377297
0.00447676
0.00756341
0.00785124
0.00269349
0.00841393
0.0261603
0.0249276
0.0171757
0.0139148
0.00269349
0.0344394
0.0160167
0.0219729
0.0343224
0.00658911
0.0233272
0.0213986
0.0243501
0.0060854
0.0254338
0.0249276
0.0160683
0.00184408
0.0271677
0.00817537
0.0139148
0.00385517
0.0201886
0.0294429
0.0116517
0.00343224
0.0217
0.00217661
0.0153094
0.0163739
0.0154523
0.0271677
0.00694185
0.0160695
0.00744438
0.0267216
0.00224575
0.00224575
0.0337603
0.0254338
0.0183504
0.0208795
0.0261603
0.0139643
0.0078854
0.0106238
0.0259507
0.0261986
0.00887436
0.0103758
0.00425863
0.0207756
0.0200213
0.0133497
0.0160598
0.0203266
0.0112061
0.00505534
0.0212733
0.00588025
0.00800578
0.0278668
0.0283003
0.00269349
0.014703
0.0200871
0.0216187
0.00017643
0.0261986
0.0119813
0.00614566
0.0257552
0.0257552
0.0299192
0.00722872
0.0380701
0.0235766
0.0154523
0.028183
0.00137813
0.0335068
0.0321929
0.00136718
0.00515786
0.0267216
0.0163739
0.023519
0.0223564
0.0148091
0.0321929
0.00225389
0.031754
0.029449
0.0150544
0.00903425
0.0271677
0.0142442
0.0283003
0.0152972
0.0264971
0.00588025
0.0231194
0.0119769
0.0455274
0.00957662
0.0188502
0.03608
0.0119034
0.017022
0.0142442
0.0163739
0.0032412
0.0060943
0.0271677
0.00447676
0.0230248
0.0284512
0.0106475
0.00767887
0.0330627
0.00841393
0.0254338
0.00569344
0.0167198
0.0216187
0.0377328
0.0255226
0.032213
0.0216187
0.0318956
0.0231686
0.029346
0.0429568
0.0364005
0.0119769
0.0330627
0.0338097
0.00637737
0.0203702
0.00722872
0.0216187
0.0153094
0.0257552
0.00870219
0.0241256
0.0167198
0.0388104
0.0151676
0.0253891
0.0254338
0.0234249
0.0321929
0.0383218
0.038289
0.0243501
0.0271677
0.00607216
0.00200377
0.0341408
0.0272777
0.0191797
0.049309
0.00894915
0.0297521
0.0272777
0.023519
0.00410198
0.0247225
0.0125853
0.0127919
0.00701876
0.0182926
0.0295352
0.0380271
0.0117312
0.00841393
0.0314901
0.0276576
0.012326
0.0234249
0.00179847
0.0275668
0.024454
0.0100019
0.0216187
0.0330627
0.0308383
0.00269349
0.0441522
0.0216187
0.00476613
0.00759304
0.00371024
0.0193924
0.018419
0.00357896
0.0214336
0.0215939
0.00269349
0.00948715
0.00588025
0.00269349
0.0216187
0.00269349
0.0121607
0.00224575
0.0163739
0.0013175
0.00770277
0.0253281
0.0182926
0.0353822
0.0103758
0.00512406
0.0321076
0.0271677
0.0299259
0.0163739
0.0173122
0.0123683
0.0315747
0.0242899
0.0283003
0.0070138
0.00763693
0.0243501
0.0219469
0.0147152
0.0155751
0.00447676
0.00794928
0.00815219
0.0169897
0.0231194
0.00810921
0.0154523
0.00815219
0.0153094
0.00699246
0.0261603
0.0220537
0.0271677
0.0219469
0.029346
0.0124211
0.0219469
0.0243501
0.00988084
0.0385371
0.0258832
0.0163739
0.0227111
0.0148223
0.0207045
0.0060854
0.00713569
0.0260801
0.0114864
0.00381243
0.0254338
0.0121607
0.000804335
0.0167838
0.0274293
0.00948715
0.033515
0.0203702
0.0167838
0.0201632
0.00701876
0.0069095
0.0213663
0.011932
0.033515
0.0226689
0.03608
0.0301713
0.00759304
0.00506759
0.0269997
0.00631842
0.00269349
0.00828022
0.0261986
0.0254338
0.0382964
0.00527954
0.0268324
0.00957662
0.012257
0.0198905
0.0101128
0.0271677
0.028788
0.0274293
0.00269349
0.0127919
0.0227494
0.0098142
0.0341408
0.0124211
0.0210007
0.00828022
0.00815219
0.0148091
0.0337012
0.0254338
0.0266451
0.0394166
0.03608
0.00903425
0.0485333
0.00269349
0.0201154
0.0385412
0.0156952
0.00658911
0.0167838
0.0353745
0.0254338
0.0283003
0.0103142
0.0380271
0.0261723
0.00136718
0.0271677
0.0334662
0.00629169
0.002904
0.0254338
0.0139643
0.00447676
0.0283003
0.0224391
0.011167
0.0163739
0.0276609
0.0379136
0.0461306
0.0283003
0.0222
0.0306108
0.00017643
0.00903425
0.0146754
0.0373403
0.00527954
0.0271677
0.0268324
0.0317051
0.0392725
0.0121137
0.0283003
0.00713569
0.0283003
0.0348987
0.00841393
0.00354815
0.0139148
0.00657958
0.0070138
0.0134823
0.0254338
0.0365658
0.0396491
0.0127919
0.0254338
0.0218973
0.00713569
0.0124211
0.0241256
0.030224
0.00232631
0.00701876
0.011167
0.0216187
0.00637737
0.0195809
0.0124211
5.00679e-05
0.0387993
0.0201922
0.0258628
0.0531014
0.0219729
0.00722872
0.0154523
0.00816262
0.00699973
0.0147141
0.00815219
0.0198057
0.0331007
0.00631842
0.0223564
0.0300208
0.0283003
0.00852323
0.0219729
0.00224575
0.0272777
0.0423276
0.0177771
0.00624993
0.00224575
0.020574
0.0214336
0.000166953
0.0085485
0.00743248
0.00815219
0.0275668
0.00815219
0.037406
0.0117587
0.0178422
0.0270037
0.0233272
0.00224575
0.0279707
0.0377328
0.0271677
0.00316668
0.0279707
0.0218973
0.0337498
0.0350236
0.0303726
0.00749683
0.00841393
0.0267216
0.00759304
0.0254338
0.0283938
0.0234249
0.0154523
0.0126755
0.00323361
0.00167229
0.0159765
0.0138671
0.0283003
0.0287716
0.00575989
0.0101316
0.0219729
0.0341408
0.0314976
0.0272902
0.0330627
0.0267632
0.00136718
0.0216187
0.00889809
0.0191994
0.0103758
0.0212733
0.0227494
0.0226689
0.00942087
0.0254338
0.00360197
0.0124211
0.0345156
0.0193924
0.0279707
0.0297724
0.0127919
0.0337619
0.00852323
0.0276576
0.0228922
0.00399911
0.0319154
0.0152972
0.0254338
0.0345156
0.0204583
0.0283003
0.0239222
0.0174846
0.00588025
0.0147272
0.0444109
0.00543708
0.0120014
0.00722872
0.000110567
0.0140956
0.0219469
0.00765436
0.00030601
0.00505534
0.0345156
0.0279707
0.0139643
0.00376594
0.00142963
0.0267216
0.0283003
0.0223564
0.00669193
0.0325789
0.0321929
0.0203825
0.0127919
0.0331657
0.0265971
0.0060854
0.0188502
0.00894915
0.0283938
0.0201154
0.0201392
0.0401691
0.000937998
0.00881089
0.00870219
0.00678486
0.00017643
0.0126755
0.00224575
0.0163739
0.0216187
0.0260801
0.0310782
0.0283003
0.0236899
0.0167198
0.0124211
0.0237283
0.0337551
0.0243501
0.0139148
0.00601232
0.0269688
0.0216187
0.00245209
0.0321929
4.13954e-05
0.00171322
0.00245209
0.0224391
0.00942087
0.00171322
0.0241256
0.0124211
0.0128813
0.0198057
0.0271677
0.0278067
0.0163739
0.0161194
0.00449091
0.0298097
0.0079096
0.019794
0.0254338
0.00269349
0.0243501
0.00767887
0.0321929
0.00765436
0.0154523
0.0212609
0.00770277
0.0124211
0.0267216
0.0151676
0.0275522
0.00621736
0.0115771
0.0271677
0.0148091
0.0205624
0.00506759
0.0271677
0.00892866
0.0208148
0.0101128
0.0167651
0.00136718
0.0234249
0.00468916
0.00875235
0.0113581
0.0216187
0.0260273
0.0103758
0.0271677
0.0314901
0.0380777
0.0275182
0.00856742
0.0458058
0.02917
0.0195809
0.0233272
0.0233272
0.032213
0.000234425
0.0216187
0.0207487
0.000300735
0.00363594
0.00785124
0.0319796
0.00726777
0.0139148
0.00815219
0.00658911
0.0360792
0.0220537
0.0179078
0.0216187
0.00224575
0.00868493
0.00440457
0.00429988
0.00722872
0.00578296
0.0148091
0.0227494
0.0195809
0.0117587
0.0101316
0.0283003
0.0243501
0.00505316
0.0148091
0.0227497
0.00446945
0.0218462
0.0224116
0.0297724
0.0279707
0.00269349
0.00815219
0.0444109
0.0271677
0.0271677
0.0279707
0.00621736
0.0257552
0.0259507
0.0342091
0.00957662
0.00815219
0.0295352
0.0116639
0.00701876
0.00111175
0.00167229
0.0234412
0.0160598
0.00942087
0.00132281
0.0528502
0.0394921
0.0217372
0.0321929
0.00699973
0.0216187
0.0283003
0.0380567
0.0253281
0.0113354
0.00224575
0.0099193
0.0134823
0.0124211
0.0396491
0.0131004
0.037406
0.0203825
0.0159765
0.046335
0.0203825
0.00815219
0.0309963
0.00903425
0.00115311
0.00943503
0.0243501
0.0248763
0.0144219
0.00434867
0.0163739
0.00881089
0.0253891
0.0219652
0.0163739
0.0177113
0.0283003
0.00110027
0.0341408
0.0394166
0.0232559
0.0254338
0.00800578
0.0195809
0.00633031
0.00747433
0.00468916
0.00708592
0.0159765
0.0163739
0.0272777
0.0304127
0.0337498
0.0207756
0.00224575
0.0219469
0.0276609
0.00815219
0.000843883
0.00142963
0.000365466
0.0283003
0.0283003
0.00903425
0.032213
0.0044834
0.0119813
0.0317828
0.025067
0.0267216
0.00393438
0.0394166
0.0214336
0.00269349
0.00983471
0.0283003
0.0186213
0.000707567
0.0233272
0.0243501
0.032213
0.0214336
0.0166327
0.00273511
0.0139148
0.0254338
0.0283003
0.0317828
0.00429159
0.023519
0.0160695
0.0331657
0.00180417
0.0106705
0.0273422
0.0239432
0.0182926
0.00224575
0.00631842
0.0152972
0.00399911
0.0168995
0.00476613
0.0200213
0.00125244
0.0148091
0.00744438
0.0117055
0.0101082
0.0267216
0.0216187
0.00136718
0.00142963
0.022796
0.0258832
0.00699246
0.0227494
0.0283003
0.0260801
0.0271677
0.0283003
0.00273511
0.0273422
0.0383218
0.0217372
0.0174846
0.0218924
0.0100019
0.0298097
0.0147152
0.0333001
0.0261986
0.0101785
0.00957662
0.0203702
0.0163739
0.00283432
0.0160695
0.0159448
0.0218973
0.0267216
0.0301359
0.00701876
0.00178316
0.0179078
0.00464758
0.0319154
0.0190161
0.0323333
0.024442
0.0103758
0.0319154
0.0101652
0.0216187
0.0147152
0.012326
0.0314901
0.0278067
0.00589728
0.00178316
0.0298097
0.0189312
0.0243501
0.0205784
0.00440457
0.0069095
0.00815219
0.0287389
0.00894915
0.0310782
0.0271677
0.0216187
0.0032412
0.0233272
0.0413955
0.024295
0.0177113
0.0330323
0.00515786
0.00539356
0.025837
0.00825202
0.0469031
0.0306108
0.0345156
0.0101316
0.00612706
0.0208795
0.0257423
0.0268725
0.026312
0.00447676
0.0283003
0.0269997
0.0233272
0.00658911
0.0167651
0.0343224
0.00755051
0.0345156
0.00588025
0.0322761
0.0070138
0.0236409
0.0194958
0.0112624
0.0341408
0.00539356
0.0120159
0.00631842
0.032213
0.00371024
0.0118255
0.0052132
0.0243501
0.037406
0.0125858
0.0443186
0.0262574
0.0319287
0.049309
0.0283003
0.0204486
0.0275182
0.00895491
0.002904
0.023519
0.00357896
0.00200069
0.0228852
0.00841242
0.0201922
0.0218924
0.0241541
0.0298097
0.0163739
0.00245209
0.00556067
0.0216187
0.0272074
0.0178477
0.00452387
0.0261723
0.0127919
0.0266451
0.00694662
0.0160167
0.0161194
0.0124211
0.00269349
0.0163739
0.00800578
0.0321929
0.0297875
0.0247768
0.00371024
0.00694185
0.0216187
0.0032412
0.0147152
0.016285
0.0337603
1.48416e-05
0.0162402
0.00800578
0.0431888
0.0139643
0.016046
0.00889809
0.0321929
0.0131004
0.0348987
0.00952375
0.0321929
0.0243501
0.00110027
0.0186075
0.0267216
0.0339894
0.00658911
0.0153094
0.0203702
0.0270413
0.0013175
0.0299192
0.0254338
0.0271677
0.0319618
0.0115771
0.0197078
0.00894915
0.0119769
0.0227111
0.0379305
0.0178075
0.0205113
0.0103142
0.00631842
0.0283003
0.00162575
0.014703
0.00894915
0.00134104
0.0245115
0.0307402
0.0205784
0.0261603
0.0227111
0.0232559
0.0353745
0.00651932
0.0423276
0.0126083
0.00269349
0.0147868
0.0279792
0.00548816
0.0271677
0.00621736
0.0300208
0.00269349
0.0300208
0.00701876
0.0307402
0.0269997
0.00575989
0.0179078
0.0394143
0.0269997
0.0261986
0.0203825
0.00578296
0.0380567
0.0261986
0.000391454
0.00142963
0.0253727
0.0239222
0.0234412
0.000567406
0.00245209
0.0232293
0.00822163
0.0261723
0.0233272
0.0231567
0.032127
0.0028398
0.0337498
0.0267216
0.00384369
0.0321929
0.0275668
0.0219469
0.0259507
0.00153577
0.0113581
0.0257552
0.023519
0.0305499
0.0099193
0.00200069
0.0119813
0.00357896
0.000262111
0.00142963
0.0283003
0.00902277
0.0321929
0.0281007
0.0243501
0.0226689
0.0228051
0.0101128
0.00942087
0.00565445
0.0231194
0.00459063
0.00556067
0.0271677
0.0203825
0.0472397
0.00566709
0.00957662
0.00763693
0.00030601
0.0271677
0.00274456
0.0207487
0.0323988
0.00722872
0.0243501
0.000262111
0.0124211
0.0253891
0.0226689
0.00030601
0.0205205
0.0126083
0.0283003
0.0125858
0.0163739
0.0139514
0.00673831
0.0216187
0.0382964
0.00857955
0.00410198
0.0216187
0.0297521
0.00701876
0.0218973
0.0163739
0.032213
0.0203825
0.0250857
0.0159765
0.00393438
0.022796
0.0267216
0.024454
0.0100681
0.00180417
0.00759304
0.0200871
0.00770277
0.0254338
0.0277115
0.0113581
0.00153577
0.0360664
0.00670031
0.00476613
0.00560707
0.0338097
0.0298097
0.0243501
0.0195876
0.0268324
0.010539
0.0227494
0.0160167
0.00434867
0.00841393
0.0147152
0.017022
0.0321929
0.0283003
0.00957662
0.000843883
5.00679e-05
0.0181407
0.0128673
0.0032412
0.00017643
0.0254338
0.00224575
0.0469031
0.0060854
0.0106475
0.00266342
0.00376594
0.0130256
0.00468916
0.0328123
0.00468916
0.0271319
0.0249276
0.0161303
0.00698736
0.0314035
0.00588025
0.0124345
0.0130246
0.0127919
0.032213
0.00881089
0.0344502
0.0160695
0.00825202
0.0391505
0.0126083
0.0264971
0.0293216
0.0311264
0.00763693
0.0125858
0.0254338
0.0231323
0.0110969
0.0242899
0.00017643
0.0124211
0.0247235
0.0271677
0.00817537
0.0250919
0.002904
0.0148091
0.0267216
0.00855327
0.0267216
0.0261603
0.0236899
0.0237252
0.00466692
0.00441182
0.0222
0.0234412
0.0124211
0.026312
0.0271677
0.00136718
0.00400668
0.00142963
0.0148686
0.0193924
0.0283003
0.0269997
0.0279707
0.010383
0.0070138
0.00767887
0.0271677
0.029449
0.00164992
0.0241067
0.0254338
0.00815219
0.0120159
0.0234829
0.01732
0.0271677
0.0254338
0.012326
0.0099193
0.00815219
0.0391833
0.00624993
0.00715482
0.0253891
0.0275182
0.0180623
0.00800578
0.00200069
0.03435
0.00852323
0.0127919
0.0353691
0.0161803
0.0272777
0.0196382
0.0283003
0.0219729
0.0219469
0.0226468
0.010383
0.0273096
0.0110013
0.0168995
0.00434867
0.00800578
0.00822163
0.0407776
0.00658911
0.0160695
0.0272902
0.00232631
0.0269997
0.046335
0.0248763
0.0249146
0.00142963
0.0147152
0.0271677
0.0221
0.00578296
0.0237015
0.0314976
0.0234249
0.0231686
0.0181407
0.0173122
0.0283003
0.0321929
0.025067
0.0254338
0.00859374
0.0337603
0.0261914
0.0139148
0.0161803
0.0308383
0.0233272
0.0243501
0.0353745
0.0380271
0.0156952
0.0145309
0.0253237
0.00815219
0.0117587
4.13954e-05
0.028189
0.0458058
0.0271677
0.0279707
0.0297724
0.0283003
0.00696561
0.0283003
0.0308383
0.00418791
0.0266451
0.00767887
0.00670031
0.0271677
0.00759304
0.0126755
0.00224575
0.0271677
0.00606173
0.0330627
0.0103758
0.0203702
0.0254338
0.0396491
0.00362051
0.0300208
0.0168995
0.00781649
0.0240998
0.000166953
0.00273511
0.0243501
0.00749683
0.00747433
0.025067
0.0154523
0.0139514
0.0283003
0.0279707
0.0147152
0.00767887
0.0208148
0.00505534
0.0257552
0.00452387
0.00371024
0.0297367
0.0216187
0.0148091
0.00371024
0.0245001
0.0257423
0.0233272
0.0323333
0.00815219
0.00111175
0.00701876
0.0140799
0.0283003
0.00870219
0.00180417
0.0479463
0.0119034
0.0240998
0.00658911
0.0177771
0.0155751
0.0195876
0.00402409
0.0117312
0.00815219
0.03608
0.0272902
0.00381243
0.0261603
0.0309331
0.0319154
0.0267216
0.0257552
0.0210716
0.026312
0.0398213
0.0245115
0.00224575
0.00815219
0.0254338
0.0472397
0.0196504
0.0267216
0.0243714
0.0283003
0.0261868
0.0350236
0.0208713
0.0159765
0.00312686
0.0133792
0.0216187
0.0203825
0.0160683
0.0216187
0.0283003
0.0188502
0.0233272
0.0032412
0.0136814
0.0315824
0.0170053
0.00624993
0.0257552
0.00800578
0.00696683
0.0330627
0.00440457
0.0265971
0.0261986
0.0283003
0.030605
0.0275295
0.00261855
0.0154523
0.0271677
0.00815219
0.00637737
0.0304127
0.00894915
0.000804335
0.00162575
0.0423276
0.0198278
0.0283003
0.0308383
0.0723056
0.0307402
0.0271677
0.025067
0.00759304
0.00588025
0.0163739
0.0216187
0.00770277
0.0127919
0.00273511
0.0314901
0.0181407
0.0098142
0.00475901
0.0113581
0.0283003
0.0160598
0.00357896
0.0327315
0.030512
0.0279707
0.0388104
0.0283003
0.0264874
0.0248763
0.0441522
0.0205624
0.00106227
0.0326062
0.00658911
0.00698736
0.0364639
0.029346
0.00396724
0.0186213
0.00217661
0.0178075
0.0163739
0.0271677
0.0283003
0.0227494
0.0191994
0.024454
0.0283003
0.018419
0.0279707
0.0123339
0.0109715
0.0271677
0.0216187
0.00800578
0.00542513
0.0261986
0.0400865
0.0353745
0.0261603
0.0269997
0.0234412
0.00657958
0.0243501
0.0283003
0.00298154
0.0300208
0.0101128
0.00179847
0.00815219
0.0159765
0.0148091
0.00755051
0.00588025
0.0261603
0.0375918
0.0283003
0.0472397
0.0257729
0.00136718
0.00612706
0.0189788
0.000804335
0.0333783
0.00770277
0.0167651
0.00266342
0.0358064
0.0249276
0.0254338
0.0330627
0.00224575
0.00708592
0.0365999
0.00889809
0.0103142
0.00637737
0.00621736
0.0234249
0.0348987
0.0283003
0.0151919
0.0330627
0.0254338
0.0197797
0.0174846
0.0264971
0.0232122
0.0156952
0.0148223
0.0224116
0.0270037
0.0180576
0.0210264
0.0261868
0.00881089
0.0213986
0.0329233
0.00030601
0.0139514
0.0229561
0.0329233
0.00895491
0.0341408
0.00670031
0.025837
0.0267216
0.00698736
0.0106475
0.0154523
0.0301359
0.00948715
0.00588025
0.0224116
0.0300208
0.0190705
0.0219469
0.00556067
0.030605
0.0110035
0.0353822
0.0079096
0.00701876
0.00269349
0.0110863
0.0101128
0.0209415
0.0257552
0.0060854
0.0203825
0.0254338
0.0032412
0.0167198
0.0277115
0.00815219
0.0163739
0.00770277
0.00957662
0.0134823
0.00418791
0.0364639
0.0149371
0.0283003
0.0230248
0.0239432
0.0148091
0.0210258
0.0160054
0.0203266
0.0159765
0.0160769
0.0283003
0.0400161
0.0214336
0.0283003
0.0285038
0.0382258
0.000567406
0.0222
0.0156952
0.0257729
0.0271677
0.0883987
0.00637737
0.037299
0.0301359
0.0160167
0.0161194
0.0267088
0.0283003
0.00566709
0.0304458
0.0260336
0.03608
0.00440457
0.0218973
0.00017643
0.0254338
0.0243501
0.0163739
0.0278668
0.0241541
0.0283003
0.0269997
0.0201922
0.0203702
0.0114462
0.0383218
0.0195607
0.0283003
0.00556067
0.0160598
0.0382964
0.0283003
0.00631842
0.0117312
0.0237453
0.0139643
0.0120159
0.0272777
0.0148223
0.0214336
0.0162402
0.0272777
0.0243501
0.0267216
0.0235766
0.00455612
0.0321929
0.0254338
0.00030601
0.0300208
0.00889809
0.0066531
0.0232559
0.0283003
0.00952375
0.00126052
0.022796
0.00131071
0.0138671
0.0254338
0.00811917
0.0125853
0.00410198
0.00726777
