0.0115979
0.070322
0.00732586
0.0504292
0.0219483
0.00461271
0.0301847
0.0427617
0.0282915
0.0649567
0.0339937
0.0135238
0.0271199
0.00315686
0.0126282
0.0507191
0.0324073
0.0196098
0.0654504
0.0209242
0.0217021
0.0107441
0.0496336
0.0111036
0.0324073
0.00953037
0.0262128
0.0210455
0.00842428
0.0175132
0.011638
0.0610168
0.0330441
0.07393
0.0124861
0.017495
0.0350775
0.0320904
0.0364391
0.0561196
0.00255211
0.0667758
0.014137
0.0234318
0.0176341
0.0223746
0.0263541
0.0280151
0.0356749
0.015792
0.0036903
0.0395077
0.0301538
0.0290142
0.0234234
0.01303
0.028794
0.028794
0.0483171
0.0150974
0.00561804
0.0324073
0.0111036
0.0215716
0.0370616
0.0107425
0.00255211
0.0674589
0.0640981
0.0253559
0.0144109
0.0180424
0.0191639
0.0107425
0.0424911
0.0295455
0.00255211
0.0248246
0.0740151
0.0140918
0.0174348
0.0570725
0.00561804
0.01572
0.0173088
0.00677896
0.0626412
0.0380584
0.0322916
0.0171737
0.0212033
0.0181774
0.00842428
0.0629649
0.0212079
0.0216426
0.0241684
0.025198
0.00881052
0.0189511
0.0461871
0.0253826
0.0257275
0.0565675
0.0127515
0.0590161
0.0304745
0.0286171
0.0234331
0.0134445
0.0546345
0.0177163
0.0340016
0.0257369
0.050249
0.0647556
0.0246154
0.0404205
0.00459692
0.0036903
0.0585245
0.0243534
0.0258473
0.0639248
0.0634828
0.0223746
0.00916749
0.0395554
0.00448141
0.0253559
0.023589
0.00857073
0.00854868
0.0302452
0.0240802
0.0709227
0.0289879
0.0230399
0.0648361
0.0367559
0.0605331
0.0140656
0.0713614
0.0179372
0.0500782
0.0249203
0.034505
0.0285553
0.0402911
0.0521732
0.0211524
0.0295455
0.0141417
0.0225458
0.0549483
0.0251311
0.0380363
0.0605703
0.0391816
0.0175239
0.0648893
0.0546243
0.0628269
0.0174348
0.034236
0.029928
0.00843987
0.0381423
0.0452692
0.0260788
0.0274547
0.0258473
0.0253653
0.014137
0.00581056
0.00755894
0.0180424
0.00654143
0.00587511
0.0277699
0.0686544
0.0551437
0.0303542
0.0187865
0.0151618
0.0247951
0.0116748
0.00282675
0.0277699
0.0182648
0.0532377
0.0120643
0.0195435
0.0292999
0.0717174
0.0380584
0.0126691
0.0359342
0.00581056
0.00676745
0.0245979
0.0218499
0.00195122
0.0330206
0.0170055
0.0120859
0.0110797
0.0225164
0.0143204
0.0234318
0.0028628
0.0188561
0.0584902
0.039492
0.0262128
0.0567673
0.0194505
0.0229455
0.0209725
0.0262128
0.00264234
0.0295653
0.00626627
0.0093675
0.0522333
0.0226503
0.0592238
0.00394392
0.0259877
0.0187461
0.0537194
0.0719734
0.00997499
0.0116376
0.0248819
0.0213435
0.0211638
0.0103648
0.014137
0.0135196
0.0558037
0.0277758
0.011638
0.0439174
0.011115
0.016853
0.00997499
0.040791
0.0212528
0.0227965
0.0350775
0.0217644
0.019049
0.0423589
0.0619423
0.016888
0.00854868
0.0219647
0.0350775
0.0301847
0.0519927
0.0613795
0.0186445
0.0372025
0.0140597
0.0533411
0.00916821
0.0259582
0.0452733
0.00900963
0.0640959
0.017441
0.0275658
0.00788069
0.0372524
0.00767
0.0219647
0.0263541
0.0293722
0.0372524
0.0656908
0.0237064
0.0276965
0.0209725
0.0299602
0.0187865
0.0214733
0.0210455
0.0369189
0.0599297
0.019442
0.0140597
0.0121953
0.00955161
0.0175239
0.0442808
0.00888908
0.0239746
0.0127515
0.0211638
0.0397363
0.029805
0.0292038
0.0296007
0.0379629
0.0270616
0.0267558
0.0295935
0.00451292
0.0188561
0.0106188
0.0227965
0.0268692
0.00237226
0.0576382
0.0483171
0.0233752
0.0359342
0.0070892
0.0245446
0.0282415
0.0504469
0.026305
0.017441
0.0259582
0.00266629
0.0258473
0.000517428
0.0481873
0.066176
0.0348033
0.00916821
0.00680918
0.0135819
0.00900963
0.0461422
0.0082332
0.0212681
0.0257456
0.0306858
0.0349992
0.0529952
0.0534438
0.000763327
0.0306858
0.0330411
0.0411802
0.0210455
0.0292038
0.0534486
0.0218499
0.0233454
0.0607884
0.0186774
0.0380584
0.0507932
0.065062
0.0566421
0.0503116
0.0457247
0.0598339
0.0234318
0.0232409
0.0138841
0.0692042
0.0268341
0.0236391
0.0238458
0.027733
0.0121318
0.0553728
0.0296092
0.0136264
0.0482084
0.00410891
0.028321
0.031911
0.027989
0.0115296
0.00892514
0.0123816
0.000517428
0.0283492
0.0349597
0.032239
0.00358161
0.0323334
0.0175874
0.0147187
0.0271813
0.0247951
0.0249095
0.0507428
0.034158
0.0608415
0.0136565
0.00862056
0.0257275
0.0181764
0.0480365
0.0191654
0.0191654
0.0166959
0.014137
0.00885606
0.0242406
0.0287598
0.0101444
0.0060206
0.0158886
0.0397773
0.0409158
0.0191639
0.0482745
0.0231538
0.018213
0.0443082
0.042953
0.0358723
0.0121953
0.049134
0.048533
0.0550918
0.022648
0.055739
0.0736582
0.017441
0.0480238
0.0113681
0.0120643
0.00676889
0.0277699
0.0198163
0.0219483
0.0161338
0.0213435
0.0235777
0.0265383
0.0232409
0.0144615
0.0415469
0.0493401
0.0239555
0.0275658
0.0277699
0.00476187
0.0115979
0.0079549
0.07514
0.0291404
0.0212079
0.064526
0.0143204
0.0335609
0.0347382
0.0557338
0.0287937
0.0112525
0.0219483
0.027989
0.0115979
0.00208306
0.0378272
0.0121233
0.0106522
0.0233454
0.069622
0.0686544
0.0602405
0.0625681
0.0265054
0.0212079
0.0528342
0.0369164
0.0431194
0.0520165
0.0246513
0.0177057
0.00146079
0.0070892
0.0236962
0.0560966
0.026111
0.0435431
0.0113681
0.00884625
0.0444546
0.00626627
0.0158108
0.0248279
0.0478109
0.0234887
0.0285553
0.0289879
0.0312645
0.0641356
0.0641435
0.00968146
0.00703919
0.00911015
0.0286171
0.0448524
0.0418834
0.0247951
0.00842428
0.058932
0.0307578
0.00941414
0.0287937
0.0375259
0.0338256
0.0077734
0.0395554
0.00864089
0.0254874
0.011122
0.0411874
0.0101658
0.0243534
0.017183
0.0399845
0.0233897
0.0314912
0.0130849
0.0141417
0.0349597
0.0297936
0.0240802
0.0134677
0.0144109
0.00854868
0.0198345
0.0504772
0.0354218
0.0257369
0.0557773
0.0575137
0.061737
0.0230399
0.011115
0.0400761
0.0574636
0.0275594
0.00628245
0.0188561
0.0188561
0.0260625
0.0257275
0.0253826
0.0297838
0.00842428
0.00955161
0.0302674
0.0126691
0.0106522
0.00997499
0.00677896
0.0312921
0.0262128
0.0223761
0.0602064
0.0307578
0.00626627
0.0176341
0.00838047
0.0133112
0.0166415
0.0250997
0.0665465
0.0320904
0.0184424
0.0153657
0.0650027
0.0350775
0.0175358
0.0324073
0.0286104
0.00518334
0.00104488
0.00926721
0.00255211
0.0350775
0.0622084
0.0444791
0.074976
0.0287937
0.0178009
0.0228416
0.0224982
0.0560513
0.0349597
0.0447141
0.0222673
0.028321
0.0234318
0.0166642
0.0402908
0.0456338
0.00753203
0.0277758
0.00410223
0.0121612
0.00098139
0.00941414
0.0740566
0.00891257
0.0305355
0.0246154
0.0575917
0.0609163
0.0404205
0.0126691
0.0254874
0.0248228
0.0575854
0.00703919
0.0116748
0.0739225
0.019604
0.049471
0.0753474
0.00397158
0.0271199
0.0714983
0.0143204
0.0425321
0.00205275
0.0186445
0.0332459
0.000621125
0.0633166
0.0247678
0.0272468
0.0133822
0.0115296
0.0178776
0.0129763
0.0225458
0.00477523
0.0578952
0.0771163
0.00602967
0.0120408
0.0234887
0.000965409
0.0103648
0.0178776
0.0158357
0.0306562
0.0465627
0.0225164
0.00955161
0.0175132
0.0230399
0.00968146
0.0405522
0.0258473
0.0208007
0.0519353
0.0129198
0.0349597
0.0245205
0.0705962
0.0306116
0.0275658
0.058147
0.0644203
0.023589
0.0027262
0.00322968
0.0754883
0.0101444
0.0209725
0.0506608
0.0238872
0.0359342
0.0270616
0.0220885
0.0165444
0.000940323
0.02354
0.0225458
0.0162225
0.00916821
0.0483171
0.00857073
0.028794
0.0237064
0.0615868
0.0228416
0.0350775
0.0141535
0.0037877
0.011833
0.011122
0.0276179
0.00755894
0.00916821
0.0116748
0.0306858
0.0070892
0.0354014
0.0583799
0.0258304
0.0258473
0.039745
0.0289879
0.0223761
0.0670151
0.011638
0.00763914
0.0279468
0.00936598
0.0157987
0.0208735
0.0698829
0.0722206
0.0631236
0.0158954
0.0240802
0.0463676
0.0227168
0.0115306
0.00997499
0.0253559
0.0110338
0.0212079
0.0361856
0.0269351
0.0258866
0.0349597
0.0461885
0.0243534
0.032149
0.0346127
0.0135287
0.00191543
0.0582718
0.0181764
0.0368567
0.000760853
0.0222673
0.040246
0.0257275
0.0287937
0.0239185
0.013241
0.0578859
0.0235777
0.0414173
0.0117891
0.0108432
0.0180424
0.0392612
0.0271813
0.0231113
0.0171737
0.0486511
0.0178776
0.040791
0.0232684
0.00122982
0.02354
0.0218843
0.0255247
0.0332925
0.0212079
0.0699146
0.0453752
0.058614
0.0671405
0.0181764
0.0286631
0.00581056
0.0698869
0.0248116
0.0459397
0.00581056
0.0451571
0.0113201
0.00394392
0.0245489
0.0439518
0.0289879
0.00908965
0.0165274
0.073803
0.0420542
0.023589
0.0248228
0.0117686
0.0426571
0.0634899
0.0253826
0.0330799
0.0273158
0.0333795
0.0325618
0.0434808
0.0231907
0.0513254
0.0680436
0.0609345
0.0187948
0.0316356
0.0198679
0.00965697
0.0529875
0.0208735
0.0112525
0.0141417
0.0277758
0.0713452
0.0404172
0.0520411
0.0248819
0.019442
0.00280237
0.0105206
0.0395554
0.0756902
0.0588459
0.011122
0.020476
0.0509696
0.00829858
0.0248116
0.0301472
0.0416744
0.0746993
0.0108432
0.0484302
0.0316356
0.0274931
0.0173088
0.00955161
0.00916821
0.026111
0.0246588
0.0281949
0.0289366
0.0107425
0.00916821
0.0404205
0.0618514
0.0267221
0.0477346
0.0252431
0.00854868
0.0535438
0.0107483
0.0291404
0.0270616
0.0193251
0.0107425
0.0128393
0.049134
0.0127515
0.00935316
0.0257408
0.0349597
0.0632889
0.0246154
0.0294421
0.0697514
0.0238458
0.0191398
0.0171737
0.0248819
0.040246
0.0454591
0.0391816
0.0629483
0.0220291
0.0250024
0.0746993
0.0248116
0.0305317
0.0122363
0.0338435
0.0493401
0.0363151
0.0198361
0.0514846
0.0177057
0.0231538
0.0279468
0.0411809
0.0257275
0.0419993
0.0392572
0.0285553
0.0233897
0.0254874
0.011833
0.00902879
0.0483171
0.059096
0.0563858
0.028321
0.0035488
0.021024
0.0251415
0.0120643
0.0191092
0.0173088
0.0241684
0.0219483
0.0238013
0.065729
0.000373006
0.0227965
0.0720342
0.054637
0.0276965
0.0245003
0.0477669
0.0316467
0.0241233
0.0372771
0.025215
0.0191654
0.0225458
0.0714235
0.00314713
0.0461422
0.0570171
0.0698338
0.0371842
0.0463485
0.0248246
0.0516233
0.0135063
0.0219285
0.0235777
0.0477117
0.018315
0.0231907
0.011115
0.0258473
0.023387
0.0485728
0.0431904
0.0229455
0.0320904
0.0642443
0.0117891
0.0381423
0.0219796
0.0253559
0.0114006
0.0238013
0.0277699
0.0681806
0.0219647
0.0237008
0.0461422
0.000632823
0.00587511
0.0263541
0.0128961
0.0140597
0.018346
0.0241684
0.0333663
0.0113681
0.0345083
0.0180194
0.0370013
0.00548255
0.0198053
0.0404989
0.00098139
0.0379859
0.0220941
0.00122982
0.0132714
0.0130849
0.0180194
0.0183354
0.0464091
0.0225164
0.0563677
0.0248126
0.0653462
0.0674713
0.00205275
0.0486286
0.028321
0.0465627
0.0421048
0.00892514
0.00359845
0.017306
0.014137
0.0234099
0.0146689
0.00951874
0.0277758
0.0512922
0.0107346
0.0121233
0.0505959
0.0187865
0.0306858
0.0557953
0.0236391
0.0234838
0.0345814
0.0180424
0.00999978
0.0513197
0.0645506
0.0660877
0.0301071
0.023589
0.0223761
0.0408305
0.0644837
0.036572
0.00926721
0.00039047
0.0525254
0.0752227
0.0193637
0.00191543
0.0478109
0.00602967
0.0161338
0.0351038
0.0349597
0.0294421
0.0194505
0.0499803
0.0175239
0.00900963
0.00534415
0.0490361
0.0213435
0.0184082
0.000533201
0.0447755
0.0381423
0.0301071
0.0235264
0.0271813
0.0035488
0.0278857
0.00941414
0.0541579
0.0115083
0.0355076
0.00122982
0.0467357
0.0234887
0.053433
0.0166415
0.00266629
0.031084
0.0689065
0.0397415
0.0245281
0.0333663
0.017306
0.0359342
0.00476187
0.0251311
0.0225164
0.00177914
0.00443959
0.0204927
0.0126691
0.0229455
0.0202301
0.011638
0.0275658
0.0643731
0.0198345
0.070199
0.0607884
0.0741601
0.0374907
0.019063
0.0237064
0.0198718
0.0301847
0.0108432
0.0240802
0.00386515
0.0189067
0.0126691
0.0251311
0.0553728
0.0315213
0.0035488
0.0360584
0.0248246
0.020126
0.00479418
0.0253559
0.0655563
0.0496315
0.0166126
0.0213513
0.0238975
0.0369189
0.057263
0.0435688
0.0305165
0.00900963
0.0343288
0.0259874
0.0121612
0.0610073
0.0297936
0.0380584
0.0343288
0.0667557
0.0333663
0.0161338
0.0245205
0.0304319
0.0743035
0.00339192
0.0225164
0.011115
0.049229
0.0153657
0.00997499
0.0202301
0.0213435
0.0239185
0.00602967
0.0358089
0.014137
0.0581703
0.00857073
0.0516112
0.0470781
0.0140597
0.026111
0.0232409
0.0350775
0.0572307
0.0218499
0.0211638
0.0127335
0.0659877
0.00611264
0.0242012
0.0245205
0.0260555
0.0212528
0.011638
0.0291404
0.0631146
0.0233454
0.0248819
0.0338256
0.0248116
0.0101444
0.0476044
0.0407698
0.0293722
0.0035488
0.0243009
0.0180424
0.0107346
0.0358415
0.0537485
0.0513197
0.0175874
0.0667727
0.000950217
0.00903742
0.0141798
0.00579849
0.0597065
0.0612071
0.037675
0.0277699
0.00926721
0.0234953
0.0451576
0.0549387
0.011122
0.0554124
0.0360004
0.0247837
0.0123473
0.0230399
0.0178776
0.0421048
0.0187865
0.0338711
0.0753104
0.0260625
0.00864089
0.0202013
0.0239013
0.0317735
0.00537956
0.0180194
0.0305165
0.0383092
0.0180194
0.0494333
0.00122982
0.0296007
0.0623685
0.0235264
0.028465
0.025431
0.000863671
0.0158357
0.0296007
0.000587583
0.0174535
0.01867
0.0549765
0.0497139
0.0166415
0.00451097
0.011115
0.0301847
0.0247275
0.0110226
0.0192559
0.0218499
0.0196462
0.0474202
0.023589
0.019604
0.0129763
0.00732586
0.0354388
0.0348965
0.0157509
0.0686544
0.00980783
0.0233454
0.0306562
0.0235264
0.0304745
0.0249203
0.0113681
0.0316467
0.0643356
0.0388506
0.0620228
0.016853
0.00098139
0.014137
0.023391
0.00359845
0.0228416
0.00936598
0.0134809
0.0604456
0.00225327
0.0601697
0.0245921
0.0350734
0.0684159
0.00900963
0.0459258
0.0342941
0.0301406
0.0200214
0.0220885
0.0412233
0.014137
0.0519948
0.00936598
0.0112525
0.021891
0.0243439
0.00410891
0.0176341
0.0158113
0.028321
0.00283709
0.0237064
0.011115
0.0358723
0.00724387
0.00098139
0.0561827
0.0736201
0.0289366
0.0232445
0.0204423
0.0511906
0.0150974
0.0302993
0.0229455
0.0257369
0.0280151
0.0117848
0.0585828
0.0456186
0.020126
0.029928
0.0116748
0.00043571
0.0261698
0.0070892
0.0223746
0.0171278
0.0697332
0.0176341
0.0186774
0.0257456
0.0245921
0.062295
0.0210455
0.011115
0.059882
0.0128441
0.0238013
0.0272468
0.00438306
0.0296007
0.0370445
0.0252213
0.00981364
0.0176328
0.0254963
0.00555739
0.0350775
0.0103394
0.0643731
0.00653261
0.00394392
0.00926721
0.0147859
0.0180424
0.0191398
0.0245921
0.0237064
0.0627782
0.0346127
0.00368369
0.0239996
0.0234099
0.0035488
0.0036903
0.0359342
0.0270616
0.00122982
0.0157461
0.0331436
0.0174808
0.00339192
0.00410891
0.0483171
0.000163198
0.058063
0.0296007
0.0399414
0.0455804
0.0254706
0.0527702
0.0232409
0.0713909
0.017183
0.0334689
0.0245921
0.0642622
0.0358415
0.0448104
0.0128441
0.0229455
0.0587277
0.0036903
0.023589
0.044227
0.0282915
0.011638
0.0610168
0.0510021
0.0223761
0.0122363
0.0140597
0.029928
0.0588459
0.0135238
0.0474127
0.011115
0.0354388
0.0248126
0.0237064
0.0173088
0.0306858
0.0290142
0.0245408
0.0214733
0.0255247
0.0031867
0.0120567
0.0146272
0.00842428
0.0222142
0.0596068
0.0278386
0.0601444
0.0735705
0.0238458
0.0198163
0.0451627
0.019442
0.0119235
0.0206092
0.0248819
0.0347829
0.0461871
0.0333663
0.0667413
0.0315634
0.0220885
0.00581056
0.013283
0.0223603
0.0105206
0.0369189
0.0719837
0.0391909
0.0680858
0.0158357
0.011115
0.0237008
0.0101444
0.0502836
0.0033589
0.0232409
0.0157461
0.0554535
0.0711107
0.0634418
0.0140597
0.0399038
0.0149325
0.0237008
0.0127515
0.00911015
0.0198163
0.0669848
0.060617
0.0101444
0.0121953
0.00555739
0.0354282
0.00728142
0.033084
0.0367474
0.0529385
0.0225164
0.0493401
0.0449261
0.00587511
0.0199293
0.0138177
0.0191433
0.0115631
0.00951104
0.0301071
0.0513364
0.00955161
0.0290142
0.031084
0.0158357
0.0184082
0.0492134
0.0354102
0.049458
0.0208735
0.0305317
0.00443959
0.0181764
0.0126691
0.0241684
0.0248199
0.0247837
0.0714983
0.0292999
0.0237064
0.0320362
0.00872356
0.0456755
0.0305118
0.0625275
0.0312921
0.027617
0.0247951
0.0163969
0.0260625
0.023589
0.0226503
0.0124345
0.019442
0.0198361
0.0358415
0.011115
0.0227385
0.0165854
0.00565654
0.0232409
0.01867
0.0270616
0.0135238
0.027989
0.016714
0.0193751
0.02354
0.019063
0.0674579
0.0648893
0.0230399
0.0117198
0.0752105
0.0292038
0.0293722
0.0225458
0.0110089
0.0255974
0.0336966
0.0070892
0.0374101
0.0123473
0.0512725
0.0672849
0.0225164
0.00887394
0.000753105
0.00221731
0.0236417
0.0311095
0.0147454
0.0301406
0.0295319
0.0342844
0.0214929
0.0641731
0.0174376
0.02916
0.0752467
0.0356406
0.049071
0.0202301
0.0070892
0.011833
0.0192495
0.0252213
0.05821
0.0225164
0.0227906
0.0650278
0.0493401
0.0293722
0.0519192
0.0284375
0.0708711
0.0107425
0.029348
0.0166415
0.0394809
0.0410707
0.0325778
0.0248126
0.0405165
0.011833
0.0287598
0.0169284
0.0532754
0.016853
0.023589
0.0350212
0.0170055
0.0493401
0.0228847
0.0257408
0.0196462
0.0292038
0.0395554
0.0455913
0.0223332
0.00476187
0.0614073
0.0219483
0.00926721
0.014137
0.0035584
0.0121446
0.049292
0.0551952
0.0035488
0.00959277
0.0141798
0.0122363
0.029928
0.0175132
0.027733
0.0222571
0.0202013
0.00968146
0.0234887
0.00677896
0.0170952
0.0291404
0.036421
0.000384927
0.046399
0.0175865
0.0166249
0.0248116
0.0731026
0.0305165
0.0296007
0.0253826
0.071555
0.0348841
0.0415633
0.0204565
0.0551952
0.0570012
0.0209725
0.0268692
0.0235004
0.0148968
0.071704
0.00315686
0.0247837
0.0250392
0.017183
0.0746243
0.0436771
0.0348841
0.0372771
0.0168229
0.0496639
0.016714
0.0242012
0.0271813
0.0643356
0.0358415
0.0547507
0.0296007
0.0391274
0.0135196
0.0568258
0.0175358
0.011638
0.0276179
0.029348
0.027989
0.0187302
0.0323752
0.0170055
0.000866562
0.00955161
0.0241684
0.0285553
0.011833
0.0141417
0.00346848
0.0713909
0.0260625
0.0065797
0.017441
0.00724447
0.0124322
0.00451292
0.011638
0.0126302
0.0257742
0.0629926
0.0291404
0.0186774
0.0350733
0.00985545
0.0457523
0.0358723
0.00677896
0.020126
0.0407005
0.016714
0.0520167
0.0380598
0.033084
0.0371842
0.00857073
0.0649632
0.00581056
0.017569
0.0106226
0.0633411
0.0036903
0.0258473
0.0239185
0.0475373
0.055739
0.00183856
0.0146272
0.023018
0.0156358
0.0551403
0.0190839
0.015085
0.0316356
0.0222193
0.0368377
0.0254706
0.0564161
0.0264976
0.0310339
0.018315
0.0673887
0.0195435
0.0635442
0.0233752
0.0320904
0.0291404
0.0169587
0.0157461
0.0213435
0.00561804
0.0172511
0.00955161
0.0380584
0.0255247
0.0226824
0.0212528
0.0126691
0.00581056
0.0520131
0.0722113
0.0173417
0.0054737
0.0561196
0.061996
0.0660877
0.0246513
0.0234887
0.0193751
0.0243534
0.0462418
0.0333663
0.0210455
0.0315022
0.0269351
0.0633572
0.0338256
0.0249461
0.0117686
0.0293227
0.0734482
0.0732329
0.0158194
0.0224982
0.0225458
0.0209725
0.0257408
0.0138841
0.0327691
0.0358723
0.0147087
0.00255211
0.0737211
0.0327712
0.0103648
0.0592923
0.0506993
0.0435079
0.0268692
0.0410604
0.0496336
0.0717439
0.0246513
0.0610568
0.0307578
0.00283581
0.00315582
0.0723327
0.0519992
0.0035488
0.0242012
0.023018
0.035714
0.0253559
0.0627486
0.00183856
0.0252213
0.0140656
0.0181413
0.0347382
0.0287423
0.0157509
0.00892514
0.000196397
0.0190591
0.0295623
0.0472258
0.0255247
0.0289366
0.0289879
0.0324073
0.0551403
0.0259689
0.0647556
0.0219483
0.0280151
0.0483171
0.0231113
0.0150974
0.0346433
0.00916821
0.0249203
0.0203496
0.0623474
0.0338256
0.0182927
0.0423792
0.0249095
0.064385
0.0219483
0.0287937
0.0219647
0.0544561
0.0263001
0.0199293
0.0225458
0.015628
0.00098139
0.0236391
0.00255211
0.00964791
0.0245205
0.0573337
0.018315
0.0289733
0.0180194
0.0476172
0.00581056
0.00410891
0.0106133
0.0259689
0.0479686
0.0009951
0.00864089
0.0254661
0.0287423
0.0315213
0.0600142
0.0619142
0.00857073
0.02354
0.0537329
0.034158
0.0234838
0.0197864
0.0196462
0.0276179
0.0316467
0.0799005
0.0257275
0.0428531
0.0128828
0.0108432
0.0278386
0.0255247
0.0258473
0.0292038
0.0359342
0.020126
0.0374101
0.0230399
0.02013
0.0268692
0.0281352
0.0731287
0.00555739
0.0262455
0.0181764
0.0155694
0.0670492
0.010393
0.0216542
0.00554913
0.0276965
0.0245003
0.00598288
0.0404205
0.0233454
0.0163527
0.0037877
0.0115979
0.0383855
0.012262
0.0260625
0.0290142
0.0292038
0.0253826
0.0251132
0.0428531
0.0154838
0.0263541
0.0524022
0.0613225
0.028321
0.0671509
0.0379136
0.040224
0.0615199
0.0196462
0.019604
0.0381423
0.0293979
0.0372524
0.0358723
0.0416824
0.0571166
0.00854868
0.0316467
0.0180424
0.0355076
0.0248116
0.0720587
0.0696764
0.0115979
0.023018
0.0125803
0.0421785
0.0262128
0.0406207
0.0191433
0.0392327
0.0127515
0.0257369
0.00665593
0.0359342
0.0088976
0.0218639
0.0538914
0.0130849
0.0190679
0.0289879
0.0369189
0.0319772
0.0351396
0.0264196
0.00195104
0.0642238
0.0346181
0.0219647
0.0280151
0.0245495
0.0260099
0.0429109
0.0343288
0.0260788
0.0196462
0.036353
0.0717192
0.0195435
0.0213435
0.0601752
0.0296584
0.0152758
0.0103511
0.0245205
0.0249924
0.0304745
0.0619116
0.0309896
0.0648515
0.0714632
0.0247951
0.033084
0.00562879
0.0241172
0.0602918
0.0592238
0.0435517
0.0346127
0.0559526
0.0316356
0.016166
0.027989
0.0037877
0.0386527
0.0218499
0.0190187
0.0610168
0.053434
0.0169099
0.0383742
0.0445016
0.0184082
0.0435517
0.0293003
0.0079549
0.0520887
0.0293979
0.0134677
0.0293979
0.0260625
0.00581056
0.0115861
0.00394392
0.0103216
0.00960964
0.0373142
0.0538692
0.0622321
0.0395554
0.00255211
0.00477141
0.0111036
0.0140656
0.017306
0.0619782
0.0168161
0.0193783
0.0116748
0.016714
0.0175874
0.0482294
0.0215716
0.0409745
0.0370026
0.0287937
0.0287133
0.0270809
0.011122
0.0115296
0.0105206
0.0106522
0.0223746
0.0220827
0.00294602
0.0643657
0.026111
0.0675446
0.0268341
0.0263001
0.0237064
0.0442224
0.0111036
0.0121612
0.00315582
0.0223761
0.0169284
0.0269351
0.0350775
0.0262128
0.0257456
0.011638
0.0120643
0.029928
0.0130849
0.0157461
0.04331
0.0125251
0.00195104
0.0254661
0.0290142
0.0285553
0.00997499
0.0305165
0.0411335
0.0358415
0.0279468
0.00854868
0.0119235
0.0371842
0.0165935
0.0178776
0.0402268
0.038593
0.0187948
0.0235777
0.0508947
0.0101444
0.00626627
0.017441
0.0549793
0.0140656
0.0332459
0.0573476
0.0344547
0.0115083
0.026111
0.0217648
0.0177759
0.0287133
0.00441779
0.0209962
0.00900963
0.0180424
0.0157021
0.0247951
0.00476187
0.00122982
0.0471258
0.00481397
0.0233897
0.00581056
0.0212079
0.0234838
0.0293979
0.028794
0.0258473
0.0539215
0.038071
0.0169284
0.00116235
0.0235777
0.00602967
0.0166415
0.00936598
0.0483171
0.017306
0.0325595
0.00225327
0.0133482
0.0406564
0.00098139
0.0120643
0.0248246
0.038071
0.0257408
0.0649567
0.0749608
0.0186774
0.0647624
0.00605151
0.0108432
0.0258473
0.0153657
0.0217648
0.00777221
0.0245205
0.0184082
0.0204693
0.0127515
0.033084
0.0574439
0.047305
0.0269351
0.0506746
0.0306858
0.0121612
0.0270616
0.0070892
0.0225164
0.0340717
0.00562722
0.046399
0.0569146
0.0360004
0.0301847
0.0403429
0.0564363
0.0547661
0.0637013
0.00476187
0.0539694
0.0103648
0.0139796
0.0350313
0.0691361
0.0215716
0.0036903
0.0514289
0.015806
0.0235264
0.0209517
0.0346127
0.0635491
0.0599211
0.046078
0.033084
0.00753155
0.0245921
0.0248246
0.0186445
0.011115
0.00587511
0.0187865
0.0271813
0.00900963
0.0291404
0.0734401
0.0247951
0.0290702
0.0161338
0.061622
0.028794
0.0208735
0.0130849
0.034158
0.0369189
0.0296007
0.0268341
0.0306858
0.0103648
0.0192237
0.0214733
0.0225458
0.00602967
0.0305165
0.0339937
0.0306858
0.0247837
0.0121612
0.0289366
0.00476187
0.00703919
0.0510457
0.0559045
0.00178933
0.0239746
0.0749807
0.0369189
0.0388739
0.0238458
0.0238872
0.00739175
0.0604013
0.00602967
0.0245205
0.00602967
0.0725228
0.019063
0.0059633
0.00624737
0.0560881
0.0466099
0.0169284
0.0247951
0.0173246
0.0399446
0.0268692
0.0218499
0.00929439
0.0279468
0.0134809
0.0323116
0.0273696
0.0249095
0.00178933
0.0251415
0.0192495
0.059251
0.0289879
0.00197399
0.0127515
0.0730821
0.0234838
0.0197864
0.0350212
0.0257275
0.0731773
0.0305317
0.0544572
0.00581056
0.0246154
0.0190679
0.0115296
0.0513197
0.017899
0.0186088
0.0714725
0.0237008
0.0341863
0.0186774
0.0257369
0.0257369
0.0746436
0.019442
0.0588982
0.0246154
0.0254874
0.0297936
0.0130849
0.0257456
0.00899231
0.00398153
0.0276179
0.0494467
0.0115296
0.0138841
0.0347382
0.00197399
0.00908965
0.0093675
0.023589
0.0148968
0.0581228
0.0719055
0.0297936
0.0101444
0.0257456
0.0369567
0.0108543
0.0341151
0.00415003
0.0096643
0.0134677
0.0349597
0.0241233
0.0217021
0.0511481
0.00695831
0.0124055
0.0410285
0.0279995
0.0267853
0.0143204
0.0033589
0.029479
0.019442
0.0115768
0.0153657
0.0271813
0.0212681
0.021594
0.0591549
0.00887394
0.0603098
0.0155157
0.00098139
0.00864089
0.0158357
0.0260788
0.0286171
0.0233897
0.0543038
0.0756025
0.0347382
0.0647624
0.0234887
0.0375006
0.0378135
0.0202942
0.0255247
0.0242012
0.0125803
0.0396571
0.0563353
0.0332274
0.0070892
0.0567278
0.00208426
0.0432654
0.00721622
0.0223844
0.011115
0.0312921
0.0198361
0.0227438
0.00476187
0.0252213
0.0180194
0.00857073
0.0460312
0.0226503
0.0581505
0.0190679
0.0151567
0.0332037
0.0219483
0.0684525
0.0509675
0.0350628
0.0249924
0.0428531
0.00234306
0.0048027
0.0293722
0.00923344
0.0320904
0.0295455
0.0135196
0.0508005
0.0148968
0.036421
0.0127301
0.019442
0.0202301
0.0665465
0.0380584
0.0256348
0.0251415
0.0392516
0.00716448
0.015954
0.0332809
0.019368
0.0146272
0.0187865
0.0309896
0.00476187
0.0223746
0.00908965
0.0221704
0.0248116
0.0297936
0.0463485
0.059676
0.00911015
0.0501067
0.0370121
0.0305165
0.0347382
0.0325595
0.0251132
0.0173339
0.0292038
0.0512922
0.0169284
0.0223746
0.0212528
0.0234887
0.0635076
0.0349992
0.00286639
0.0290142
0.020126
0.0254661
0.039404
0.00255211
0.0197795
0.0237064
0.00366521
0.0199293
0.0453852
0.0187924
0.0325595
0.0202013
0.0747077
0.0180424
0.0604364
0.0127515
0.0158357
0.0436361
0.0103648
0.026111
0.0359789
0.0343288
0.059676
0.0664191
0.0150974
0.0320904
0.00555739
0.01303
0.0277758
0.0440527
0.0579043
0.0606209
0.0512721
0.0372524
0.00941414
0.0186774
0.0198163
0.0120643
0.00864089
0.0129912
0.0219483
0.00968146
0.020126
0.0435517
0.0227965
0.0679654
0.0542478
0.0620418
0.0575525
0.0143204
0.00221086
0.0035488
0.0292038
0.00701922
0.0158357
0.0717931
0.0351518
0.064532
0.0372771
0.0267853
0.0629649
0.0316467
0.0705649
0.0234099
0.00122982
0.0381423
0.0457247
0.0245205
0.059373
0.0320904
0.0134677
0.0594652
0.0301472
0.0105297
0.0324073
0.0276179
0.0406207
0.0225458
0.0356283
0.00382364
0.0254237
0.00753671
0.0223746
0.00339192
0.0507428
0.0569783
0.0507944
0.019678
0.00098139
0.0415949
0.0236391
0.0248246
0.0197864
0.0115979
0.0287133
0.0292038
0.0333663
0.028794
0.014598
0.035817
0.0530605
0.0188561
0.0571166
0.0287937
0.0325595
0.00221461
0.0350576
0.0372424
0.0461422
0.0257363
0.0349597
0.0539709
0.0694162
0.0395554
0.0345373
0.019916
0.0210455
0.0212765
0.0224731
0.0258681
0.0383053
0.0275708
0.000179291
0.0559272
0.02354
0.0246154
0.0257456
0.0126887
0.0701454
0.061875
0.0218499
0.0184082
0.0349597
0.0240241
0.0244559
0.0483171
0.0257456
0.0371842
0.0256038
0.0621937
0.0406749
0.0332925
0.0238458
0.0234887
0.0453752
0.00703919
0.0272468
0.0293979
0.0730028
0.048076
0.0229455
0.017306
0.0111967
0.041878
0.0359617
0.0717174
0.0107425
0.033084
0.01236
0.00900963
0.0316905
0.0285553
0.0413608
0.0251415
0.0156026
0.0560751
0.0223746
0.027733
0.0257408
0.0125251
0.0280151
0.0202301
0.0369966
0.0358111
0.0254661
0.0375004
0.00767888
0.00998843
0.0236391
0.0504772
0.0436199
0.0404205
0.0187753
0.0232684
0.00887394
0.0106226
0.0538881
0.0232839
0.0115979
0.0478911
0.0126691
0.0463626
0.014137
0.0478616
0.00314742
0.00871088
0.0208735
0.0122363
0.0293979
0.0240241
0.0260625
0.0632716
0.046473
0.0161338
0.022007
0.0325936
0.0148968
0.00996935
0.0232767
0.022648
0.0199798
0.014137
0.0581924
0.0347905
0.0122363
0.0597392
0.0197795
0.0123609
0.023018
0.015954
0.0583794
0.0235557
0.0279468
0.0396884
0.0567158
0.00821137
0.0456186
0.0325618
0.0180194
0.0749608
0.0247837
0.018315
0.0530482
0.0191433
0.017306
0.00703919
0.0242012
0.0175358
0.017441
0.00857073
0.027989
0.026188
0.021043
0.0037877
0.0549058
0.0127515
0.00926721
0.019442
0.0270616
0.0223746
0.0128441
0.00892514
0.0333663
0.0396041
0.0179243
0.0229455
0.0395554
0.0417516
0.00394392
0.0249924
0.00613794
0.0180194
0.0468404
0.0296007
0.0246513
0.026111
0.0111719
0.0499704
0.0753652
0.0324073
0.0483047
0.0332037
0.0171737
0.0284586
0.0233454
0.0106806
0.0327691
0.0100296
0.00476187
0.0175132
0.0506247
0.0347382
0.00887394
0.0612071
0.0663067
0.00842428
0.0111036
0.0230399
0.0507191
0.0123816
0.0659681
0.027733
0.0124227
0.0271199
0.0251132
0.0180258
0.0593683
0.0225725
0.0647082
0.0507758
0.0287937
0.0212528
0.01303
0.0753253
0.062929
0.00197399
0.0219647
0.0408439
0.0280151
0.0769931
0.0316039
0.0575137
0.0360004
0.00857073
0.0328863
0.0569737
0.036502
0.0119732
0.0714371
0.0654504
0.0623876
0.0122363
0.0214733
0.0191654
0.0553291
0.00553074
0.0223033
0.0387141
0.0338256
0.050798
0.00970739
0.0458984
0.0259935
0.0297838
0.0270616
0.0275658
0.0196972
0.0115296
0.00035134
0.0271813
0.0379346
0.00232232
0.0195209
0.00637981
0.011638
0.0238458
0.0175865
0.0505959
0.0220885
0.00680918
0.0195036
0.00587511
0.00166702
0.0257275
0.0254706
0.0196462
0.0209725
0.0127812
0.0357289
0.0105504
0.0226503
0.0371842
0.0175874
0.0210173
0.018213
0.0120643
0.01303
0.00187996
0.0246588
0.0347829
0.0232684
0.034158
0.0277758
0.0229455
0.0208735
0.0181764
0.0232409
0.0279874
0.0134809
0.0128961
0.0404205
0.0258681
0.0312335
0.0241684
0.0346127
0.0437119
0.00887394
0.0380584
0.0125803
0.015548
0.000712261
0.0418834
0.0270584
0.0257456
0.0222673
0.0245921
0.0304745
0.0339351
0.0354388
0.0461422
0.0289612
0.00626627
0.0377006
0.029928
0.0241684
0.0070892
0.0354282
0.017569
0.0248126
0.0301737
0.0289879
0.0201274
0.0260625
0.0248246
0.00910693
0.0188561
0.0582718
0.0232409
0.0225458
0.0242012
0.0277758
0.0538537
0.0333663
0.0273158
0.0246921
0.0154838
0.0186774
0.0563079
0.0656529
0.0342841
0.0493401
0.0321397
0.0497892
0.0254874
0.0396719
0.0275708
0.00900963
0.0081687
0.0222193
0.0396115
0.0157509
0.0271199
0.0227965
0.0198361
0.0251311
0.0433584
0.0184727
0.0289879
0.01236
0.0245118
0.00900963
0.0113034
0.0625718
0.0579978
0.011592
0.0356079
0.0306469
0.0247837
0.0466266
0.0214057
0.0197864
0.0234318
0.0218499
0.0531181
0.00351375
0.0305165
0.0698829
0.0030283
0.026983
0.011122
0.0187865
0.0280151
0.0033589
0.0268692
0.0191433
0.000863671
0.0148909
0.0165444
0.0556126
0.00339192
0.0465205
0.0170055
0.0506746
0.0350313
0.019049
0.0575854
0.0713452
0.0105206
0.00612324
0.0180194
0.0147087
0.00911015
0.00485623
0.0174535
0.0559045
0.0132962
0.0214733
0.0386688
0.0126691
0.0156178
0.0443097
0.0738669
0.0421304
0.0180424
0.0241233
0.0391909
0.00101218
0.0247837
0.0635186
0.0199293
0.0435431
0.0191654
0.0343543
0.0150974
0.017183
0.0559526
0.00968146
0.0539215
0.0191654
0.0414199
0.0218551
0.0367559
0.0121612
0.0597521
0.0559182
0.0232684
0.0249095
0.0107425
0.0225458
0.00098139
0.0277699
0.0225044
0.0269955
0.0301071
0.00346848
0.0138841
0.00926721
0.0680197
0.0449926
0.0105206
0.0192495
0.0253559
0.00993876
0.0556172
0.0237064
0.0564799
0.023018
0.0549483
0.016853
0.0177057
0.0213435
0.0354388
0.00346848
0.0241298
0.0601003
0.0229455
0.0196098
0.0370552
0.00708616
0.0278386
0.0180424
0.0139429
0.0349597
0.00384212
0.0192495
0.033084
0.0251415
0.0358415
0.00857073
0.0118544
0.00142375
0.0372524
0.0528512
0.0378293
0.0126691
0.0342436
0.0135238
0.030803
0.0237064
0.031911
0.00238781
0.0453578
0.0166415
0.0035488
0.055792
0.0035488
0.0458286
0.038071
0.0388111
0.011778
0.0211335
0.0671181
0.0188561
0.00055176
0.00888908
0.0193751
0.0212079
0.00514716
0.0383427
0.0297838
0.0625435
0.0381423
0.00941414
0.0158479
0.0218843
0.0295455
0.0559914
0.0285572
0.0112525
0.0451093
0.00438306
0.0587277
0.0316467
0.0335956
0.0175874
0.023589
0.0231113
0.0375006
0.0370164
0.0217644
0.00842428
0.00298315
0.00997499
0.0248228
0.0299955
0.065096
0.0178776
0.0451632
0.0246154
0.0208735
0.0301406
0.0576382
0.0036903
0.050497
0.00197399
0.0278386
0.0393534
0.0181774
0.0374101
0.0120643
0.067308
0.0479349
0.0460892
0.0277758
0.0316467
0.049134
0.0380761
0.0335374
0.0171737
0.0359494
0.0625703
0.0477546
0.0246154
0.0698002
0.0606196
0.0656529
0.0477669
0.00891257
0.00705385
0.0415479
0.0482084
0.0304745
0.0252213
0.0720587
0.0120643
0.0668613
0.00481603
0.0111036
0.0596405
0.0245921
0.0258473
0.040157
0.0381423
0.0305355
0.0177356
0.0315969
0.0238458
0.0278386
0.0278975
0.0187865
0.0190679
0.0181764
0.0208735
0.011638
0.0347382
0.027989
0.0347382
0.00537956
0.0348965
0.0143204
0.0237008
0.0268341
0.0170166
0.011122
0.0493401
0.070123
0.018213
0.0347382
0.011833
0.0250024
0.0380584
0.0287937
0.0358415
0.0202013
0.026111
0.0590483
0.0211798
0.0112525
0.0187865
0.0617584
0.0635679
0.0335609
0.00806987
0.0193751
0.0254706
0.0106522
0.0093675
0.0287029
0.00854188
0.0612732
0.0208735
0.0237008
0.0134985
0.0251311
0.0277699
0.000195615
0.0223761
0.00724447
0.0255039
5.37634e-05
0.0180194
0.0113309
0.00410414
0.0138841
0.0161934
0.0301406
0.0570769
0.0308889
0.0407957
0.0378593
0.026111
0.00364292
0.0226994
0.0306562
0.0305165
0.0250101
0.047498
0.0129763
0.0666696
0.0462173
0.0226697
0.0203015
0.013495
0.00581056
0.0358089
0.00753558
0.0248246
0.0271813
0.0650494
0.0739341
0.00197399
0.034418
0.0524369
0.000533201
0.0124055
0.00183856
0.0301361
0.0120643
0.00321227
0.0482844
0.0180194
0.0126691
0.0699696
0.0263124
0.061874
0.0315022
0.00980783
0.0721735
0.0166642
0.0343288
0.0156026
0.0480427
0.0234887
0.0695159
0.0324073
0.0128441
0.0233454
0.0202301
0.0257275
0.0720186
0.0659681
0.0134677
0.0180424
0.019063
0.0653826
0.0513415
0.0260788
0.00392411
0.00968146
0.0443511
0.0358089
0.0631628
0.00875139
0.054882
0.0381423
0.00098139
0.0621447
0.017747
0.0248302
0.0238458
0.0346127
0.0354282
0.0240241
0.0196462
0.0232684
0.0140597
0.0104704
0.00561804
0.0715024
0.0554786
0.0138841
0.0474333
0.00742179
0.0487431
0.0736821
0.0249095
0.0166415
0.0178698
0.0346127
0.0187865
0.0581924
0.0601172
0.00854868
0.0154838
0.0641886
0.0157509
0.0210455
0.000196397
0.019368
0.0199253
0.0230399
0.0286171
0.010151
0.0312523
0.0691128
0.0186445
0.0409834
0.0260625
0.0245489
0.0684159
0.0750659
0.0603098
0.0231907
0.0178552
0.0293227
0.0238458
0.061016
0.0219483
0.00402236
0.014137
0.0743642
0.0608828
0.00473505
0.0101444
0.0597416
0.0591766
0.00413334
0.0248126
0.0248116
0.0158113
0.0155262
0.0176275
0.0215857
0.0183008
0.0523406
0.0239185
0.0229455
0.0746564
0.0263541
0.034158
0.0121318
0.0128961
0.0577939
0.0560118
0.0283142
0.0241233
0.00226438
0.026968
0.0637657
0.0254706
0.0466379
0.032623
0.0239555
0.0333663
0.0671181
0.01303
0.00969779
0.0594547
0.0190679
0.0617757
0.00314742
0.00911015
0.0211958
0.0379668
0.0158194
0.0693032
0.0465613
0.028321
0.023452
0.011638
0.0327406
0.00339192
0.00581056
0.0618514
0.0597246
0.0110585
0.0128961
0.0190679
0.0149325
0.00444534
0.0305317
0.0312224
0.0403794
0.0384276
0.0130849
0.0159164
0.0245205
0.0346127
0.0249924
0.0269684
0.0461422
0.0115296
0.0227385
0.0252213
0.0485912
0.0316467
0.0268341
0.0297936
0.0227385
0.0187924
0.0174535
0.00387549
0.0581498
0.00797147
0.00626627
0.0180424
0.00581056
0.021891
0.0600592
0.033084
0.0619782
0.0177057
0.0234838
0.066587
0.028321
0.0270616
0.0304745
0.0746243
0.0451576
0.0506293
0.0525698
0.0304804
0.0467817
0.0130849
0.00951874
0.0600345
0.0175358
0.0158194
0.0138511
0.0257275
0.0352473
0.03792
0.0720587
0.00473428
0.0277758
0.0602229
0.0311095
0.0748766
0.00936598
0.00219156
0.0270616
0.0380584
0.0153657
0.0366322
0.0686201
0.0562645
0.0643577
0.0296007
0.0626338
0.0141417
0.00098139
0.0322804
0.00655991
0.0260625
0.044897
0.0588712
0.0402908
0.0289879
0.0382467
0.0293979
0.0459746
0.0547168
0.00035134
0.0108988
0.0286171
0.0290142
0.017183
0.0229455
8.73208e-05
0.0138511
0.0237064
0.040409
0.0136866
0.0192495
0.0253826
0.0115631
0.064586
0.027733
0.0224983
0.0558288
0.0367494
0.0110451
0.0174757
0.0598163
0.00871088
0.0327057
0.0107909
0.019049
0.0342065
0.00555739
0.0150974
0.023052
0.0117612
0.0426282
0.0497139
0.0384276
0.0192495
0.0248246
0.0218843
0.0301847
0.00755894
0.0158357
0.0297838
0.0350775
0.0208735
0.0634828
0.0191639
0.020126
0.0211539
0.0301406
0.0358415
0.00178933
0.0319943
0.0690579
0.062349
0.0567936
0.0393626
0.0608691
0.0379906
0.0561923
0.0427617
0.0269351
0.0234887
0.0138185
0.000612646
0.0621158
0.0338256
0.0105206
0.0473229
0.0687013
0.0411347
0.00941414
0.028321
0.0103648
0.00900963
0.0131965
0.0381423
0.0593113
0.0461422
0.0254661
0.00911015
0.0404205
0.027733
0.0247951
0.0407621
0.0179964
0.0429636
0.0636985
0.0320904
0.0619498
0.00438306
0.00581056
0.00887394
0.0246513
0.0115979
0.0033589
0.0402946
0.0180194
0.036421
0.0248819
0.017183
0.0191433
0.0246513
0.0198903
0.00304759
0.022828
0.0634418
0.0461422
0.0247951
0.0278386
0.0521732
0.0292999
0.0332101
0.0666768
0.0530589
0.0350775
0.0242012
0.0153743
0.0354388
0.0226503
0.0141798
0.0241684
0.0147859
0.0165891
0.0485779
0.0623876
0.0175132
0.0155727
0.0126985
0.0439174
0.00346848
0.0312921
0.021663
0.0178776
0.0169284
0.00394392
0.0350775
0.0240802
0.0349992
0.0258681
0.0269368
0.00789094
0.0290142
0.0515692
0.040293
0.0347382
0.0404509
0.0439644
0.038071
0.0305165
0.0209962
0.0317174
0.0360402
0.0120643
0.0325769
0.00236559
0.0121612
0.0115083
0.0418975
0.0320904
0.0393746
0.0300087
0.0234838
0.0534438
0.0704306
0.038071
0.0320717
0.0202301
0.0262128
0.013725
0.02354
0.0280387
0.0248228
0.0566421
0.0149325
0.0258681
0.0257275
0.0306562
0.00476187
0.034143
0.0509329
0.0236962
0.00955141
0.0316039
0.0340047
0.0134677
0.061996
0.030803
0.0606306
0.0190679
0.0306562
0.00562722
0.0305317
0.0121953
0.074729
0.00602967
0.0175132
0.0293722
0.0404205
0.0209725
0.0393083
0.0196462
0.0653414
0.0589951
0.0436387
0.037581
0.0223761
0.0568385
0.0324049
0.0174581
0.0474447
0.0270616
0.0115979
0.0305165
0.0271199
0.017441
0.0261344
0.0588712
0.0103511
0.038071
0.00674939
0.01236
0.0180352
0.0377692
0.0253236
0.0349992
0.00146079
0.0748543
0.0257275
0.0106522
0.0481132
0.0108153
0.0191398
0.0135196
0.0287766
0.0597491
0.0282612
0.0380584
0.0101444
0.0191398
0.02354
0.0325595
0.0750579
0.0324073
0.0225164
0.0666237
0.0146918
0.0575576
0.0191398
0.032149
0.0600199
0.0191639
0.0465627
0.00767708
0.0443455
0.0372524
0.0232409
0.060197
0.0295455
0.0563858
0.0281345
0.0035488
0.0219647
0.0556739
0.0681762
0.0291404
0.0442808
0.0674707
0.0393679
0.0257456
0.0247837
0.0387014
0.0212079
0.00900963
0.0198053
0.0269351
0.0238872
0.0287133
0.0213513
0.0202013
0.0235777
0.026111
0.00098139
0.0557784
0.0301773
0.00911015
0.0241233
0.0133822
0.0370859
0.011122
0.019049
0.0175428
0.0020082
0.0214733
0.0246154
0.0542478
0.02447
0.0287937
0.0507944
0.0223746
0.0120643
0.0304745
0.00908965
0.0209725
0.0178776
0.0154838
0.00564191
0.0252118
0.0509263
0.0287937
0.0112911
0.0243405
0.0520167
0.023589
0.0597491
0.0255247
0.0170055
0.0536951
0.0122363
0.00926721
0.0269351
0.0103216
0.0129763
0.0437119
0.0466337
0.00956368
0.0126691
0.0324073
0.0350733
0.0465627
0.0544572
0.0479352
0.0147454
0.0110585
0.0199583
0.0107425
0.061698
0.0343266
0.0493401
0.0186774
0.0245921
0.0214139
0.0184082
0.0239185
0.036421
0.0285319
0.0237008
0.0198163
0.0636171
0.0378135
0.0508366
0.0177759
0.0117522
0.00926721
0.0148968
0.0123785
0.014137
0.0158886
0.0297838
0.035817
0.0187865
0.0141417
0.0538701
0.00125855
0.0446429
0.0184082
0.0398917
0.0199293
0.0292038
0.0292999
0.00831199
0.0140656
0.000517428
0.0157509
0.0493401
0.0258304
0.011115
0.0210173
0.0719837
0.038071
0.0150974
0.0257408
0.0602733
0.0171737
0.0258681
0.0582949
0.00581056
0.018315
0.0162225
0.0503122
0.0253559
0.0626338
0.00900963
0.0575747
0.0254874
0.0444568
0.0231113
0.0245205
0.0425854
0.0169587
0.0362146
0.0248849
0.0604013
0.0241684
0.0369164
0.0229455
0.0451991
0.0232684
0.0286436
0.0307239
0.0664191
0.0544572
0.0237008
0.0228078
0.0231907
0.00941414
0.0721961
0.0164464
0.00294602
0.0166642
0.0093675
0.072896
0.0281286
0.0156542
0.019049
0.0358415
0.0175358
0.0226503
0.0177759
0.0399342
0.00476187
0.0494403
0.0483363
0.0375372
0.03893
0.0154838
0.0227968
0.0219285
0.0532977
0.0618292
0.05831
0.0225458
0.0070892
0.0209725
0.0127515
0.0157461
0.0245205
0.0327691
0.0238621
0.048986
0.0639023
0.0755633
0.0553354
0.0192808
0.0246513
0.0172259
0.0666856
0.0254874
0.0260788
0.0633411
0.0451641
0.0249095
0.0465627
0.0239314
0.016921
0.0257369
0.00410464
0.0698338
0.020126
0.0235283
0.00888908
0.0360004
0.0113485
0.0305165
0.0735457
0.0300841
0.0501067
0.0227385
0.0347382
0.0292999
0.0630102
0.0701122
0.019922
0.00968146
0.0128961
0.0249924
0.0130849
0.00318626
0.0617942
0.0236391
0.0187865
0.0550997
0.030285
0.0407005
0.0211987
0.0134677
0.00892514
0.0459746
0.018315
0.0120587
0.0235777
0.0239185
0.0474447
0.0291404
0.0247837
0.0594547
0.0404205
0.0158113
0.0581924
0.0198361
0.042035
0.0541767
0.0301406
0.016881
0.0347382
0.0212079
0.013366
0.0196462
0.0350775
0.00892514
0.0705649
0.0213435
0.0227965
0.00493473
0.0122363
0.0234887
0.0121612
0.0227385
0.0219483
0.0101444
0.0128441
0.0033589
0.022148
0.028794
0.0188561
0.040157
0.0237064
0.0272468
0.0359756
0.0258473
0.0197864
0.0550408
0.011122
0.0285447
0.0148968
0.0482745
0.011833
0.0247378
0.0210455
0.0187865
0.0526196
0.00271785
0.0143486
0.0301406
0.00346848
0.0223761
0.0373132
0.0091005
0.00220168
0.0474729
0.0224588
0.00314742
0.0204423
0.0125715
0.0230036
0.0253805
0.0192841
0.0036903
0.0690805
0.0371842
0.0461422
9.87649e-05
0.0200565
0.0153657
0.0249924
0.00477254
0.0175874
0.0354388
0.0419057
0.0611952
0.0277758
0.0276965
0.00561804
0.0427185
0.016507
0.0208735
0.039004
0.0442014
0.0580761
0.0451991
0.0338537
0.0564161
0.0360004
0.0108432
0.0517809
0.0412085
0.014598
0.0239185
0.0175874
0.0249924
0.0316356
0.00626627
0.0304745
0.00255211
0.0227385
0.0121892
0.0033589
0.031911
0.0522827
0.027989
0.023915
0.0269351
0.042677
0.0249203
0.0324304
0.0574439
0.0148968
0.0314165
0.0678545
0.0182755
0.0241684
0.0301847
0.020126
0.0477669
0.00743562
0.0138841
0.00122982
0.01236
0.0228416
0.0229455
0.0237008
0.0360699
0.0033589
0.00382727
0.00320077
0.0268341
0.0157987
0.0364904
0.0476421
0.0237064
0.0191398
0.0649567
0.0402388
0.00384212
0.0645725
0.058674
0.0658774
0.0475911
0.0202013
0.00936598
0.0569737
0.0278386
0.0307578
0.00548993
0.00887394
0.0412388
0.00339192
0.019063
0.0127515
0.0184082
0.00745447
0.00900963
0.0297838
0.0619782
0.0136655
0.0553291
0.0258681
0.0173088
0.0406649
0.0371842
0.00911015
0.0176328
0.0193751
0.0391816
0.0412233
0.0239185
0.00577539
0.0241684
0.0600592
0.0237064
0.00581056
0.0333663
0.0273696
0.0207371
0.00499898
0.0358723
0.0156542
0.0488
0.000753105
0.0153657
0.0150974
0.0723569
0.0257456
0.0115296
0.0247837
0.0655214
0.032895
0.0297936
0.0292038
0.0111036
0.0502836
0.0120643
0.0169099
0.0276179
0.0380584
0.0347382
0.0497868
0.0175358
0.0208735
0.0245921
0.0358415
0.0320904
0.00394392
0.00926721
0.0383251
0.0534641
0.00343663
0.00987113
0.0018084
0.0251415
0.018315
0.0542314
0.0141798
0.0417058
0.019063
0.0100996
0.026111
0.0233897
0.0674419
0.019442
0.0202013
0.0175239
0.0187865
0.00908965
0.0223761
0.00482738
0.00892514
0.0140597
0.0443082
0.0706808
0.00314742
0.0157461
0.0272468
0.0724125
0.0141798
0.0356979
0.0240297
0.0619599
0.0315641
0.0237064
0.0283003
0.0332925
0.016166
0.0317654
0.0209866
0.019604
0.0699773
0.0549532
0.05414
0.0607028
0.0335046
0.0118474
0.014152
0.0105984
0.0241684
0.0223761
0.0156026
0.011833
0.0124055
0.0406423
0.0622321
0.0674579
0.0458458
0.0186935
0.0191433
0.0107425
0.00997499
0.00596607
0.0325595
0.0161338
0.0157509
0.03612
0.0115979
0.0124055
0.0563748
0.026111
0.0079549
0.0275658
0.0487431
0.0251428
0.0192401
0.0209725
0.0107425
0.0602892
0.0198172
0.0327691
0.0128961
0.0328565
0.0324073
0.033084
0.00854188
0.0305317
0.0195435
0.0420018
0.0292999
0.0210282
0.0522333
0.0573129
0.0267321
0.00941414
0.0115979
0.0405808
0.0033589
0.029928
0.0240802
0.0557953
0.00695372
0.0130849
0.0246154
0.074599
0.0116748
0.0234838
0.0238782
0.0240241
0.0036903
0.0287133
0.00626627
0.0283274
0.0231113
0.0158357
0.0248819
0.0293979
0.0108991
0.0665029
0.0233454
0.0280151
0.0035488
0.0229619
0.0222202
0.0347382
0.038071
0.0170315
0.0286171
0.0136964
0.0626003
0.0107425
0.0414675
0.0180424
0.054938
0.00314742
0.0494467
0.031911
0.0340717
0.041511
0.00869834
0.00359845
0.00892514
0.065704
0.0483171
0.000296474
0.0218843
0.0621937
0.0231326
0.0461422
0.00916821
0.0360584
0.011115
0.0118311
0.0116748
0.034154
0.0241684
0.0384928
0.028012
0.0508923
0.0140656
0.00936598
0.0042918
0.00916821
0.028321
0.00351143
0.0591905
0.0220885
0.0349992
0.0564699
0.0123785
0.0134677
0.0113681
0.00721085
0.0475786
0.0250101
0.0251415
0.0186445
0.0220885
0.0345897
0.00981031
0.011759
0.00197399
0.0121953
0.0519648
0.0485637
0.0297838
0.0108432
0.00888908
0.0517458
0.0258473
0.0372025
0.0216542
0.0126691
0.0103648
0.0286622
0.0646319
0.0165854
0.0184727
0.0108432
0.019604
0.0272468
0.0248302
0.0293979
0.0054924
0.0196462
0.0136655
0.04466
0.0199293
0.0115306
0.00941414
0.00255211
0.0033589
0.0199293
0.0380566
0.0217648
0.0174535
0.00721622
0.0190679
0.0202013
0.0452275
0.0268692
0.0249095
0.00555739
0.0403889
0.0725228
0.0166642
0.0236391
0.0093675
0.0033589
0.0260625
0.0304035
0.0580008
0.044897
0.0215442
0.0763684
0.0439518
5.37634e-05
0.0400371
0.00450987
0.0435079
0.0222673
0.0546243
0.0035488
0.0108432
0.0173633
0.0212687
0.0229455
0.00479418
0.00516027
0.045859
0.0650577
0.00476187
0.0338832
0.000863671
0.0293979
0.0687482
0.0238621
0.0383092
0.0253826
0.0248126
0.0617256
0.0247951
0.00197399
0.0440134
0.00892514
0.0257275
0.0247837
0.0392604
0.0238872
0.00895262
0.0222193
0.0289366
0.0220885
0.0222193
0.0176915
0.0350313
0.0138146
0.0280151
0.0191433
0.064259
0.0435085
0.0248819
0.0209725
0.037677
0.0223746
0.0115296
0.038071
0.0148968
0.0312921
0.0246513
0.00162816
0.0171737
0.0239185
0.00968146
0.00680918
0.0166642
0.0199293
0.00178933
0.00582898
0.0439757
0.0358415
0.0135196
0.0158357
0.0599004
0.0373182
0.0277758
0.0233897
0.0360306
0.0665249
0.00703919
0.00234306
0.0301406
0.00381303
0.077407
0.0280677
0.0422658
0.00875139
0.0537314
0.0544083
0.0297838
0.0227385
0.0258473
0.0232409
0.0197864
0.0105206
0.069925
0.00376678
0.018315
0.0621937
0.0234887
0.0162319
0.0664695
0.023387
0.0320153
0.0598027
0.0238872
0.0511906
0.0220885
0.0246513
0.0248116
0.0343288
0.00892514
0.0297936
0.0305165
0.0138841
0.0395554
0.0236391
0.038071
0.0237008
0.0440044
0.00791514
0.0155755
0.0177057
0.0121318
0.0488492
0.00587511
0.0170055
0.0648515
0.0483171
0.0262128
0.0249978
0.0734009
0.0236391
0.0198163
0.000517428
0.0350733
0.0257369
0.0148968
0.0177057
0.0258473
0.0271813
0.0218499
0.016858
0.04435
0.0493401
0.0474333
0.00438306
0.0254238
0.0222142
0.0115296
0.0211638
0.0285553
0.00204557
0.0247837
0.0143204
0.0323334
0.0454204
0.0677828
0.0241684
0.0538432
0.0324073
0.0183069
0.00691629
0.0206329
0.0722008
0.0666199
0.0667557
0.0258681
0.0411969
0.0134677
0.0350976
0.0208735
0.0649452
0.017569
0.0108432
0.0202301
0.00997499
0.0188672
0.0483171
0.0313391
0.0196933
0.016714
0.0280299
0.0176341
0.0769931
0.0195435
0.0198361
0.0575917
0.0312713
0.0559778
0.0252213
0.0280151
0.0339131
0.0714488
0.0720012
0.0402268
0.00339192
0.0214733
0.0116944
0.00854868
0.0392551
0.0465627
0.0231907
0.0191433
0.0193751
0.059096
0.017306
0.0291404
0.0627782
0.0400395
0.0463669
0.0175132
0.017441
0.028321
0.0304344
0.0219483
0.0191639
0.0224982
0.0149325
0.0666842
0.0241684
0.0033589
0.0195625
0.0140918
0.0180424
0.0388739
0.0650242
0.0257456
0.0381607
0.000632823
0.026111
0.0569054
0.0121612
0.0232684
0.0404205
0.0193751
0.0234099
0.022315
0.011115
0.0290142
0.0726602
0.0297293
0.0101455
0.0498967
0.0158113
0.00506741
0.0400826
0.0590459
0.0641096
0.00891257
0.019063
0.0302674
0.029805
0.0316356
0.00936598
0.0381779
0.00943066
0.0161822
0.0260788
0.0238872
0.0108432
0.0124055
0.0198361
0.0384349
0.0307578
0.011833
0.0570034
0.0426282
0.00178933
0.0349992
0.0347301
0.0513503
0.0175239
0.00968146
0.0226503
0.0653878
0.0744861
0.0304745
0.0253559
0.0330991
0.0178776
0.0423007
0.0448524
0.0680906
0.0285553
0.047305
0.0563909
0.0238872
0.0454906
0.0271199
0.0175874
0.0301406
0.0509696
0.0128961
0.0753219
0.0593507
0.029928
0.0221944
0.0530482
0.0224982
0.0559778
0.0220885
0.0222193
0.0115296
0.0500896
0.067075
0.0121318
0.00339192
0.0505648
0.0237064
0.0423007
0.0572508
0.0372524
0.0708711
0.0505434
0.0481792
0.0203477
0.0251415
0.00481683
0.0170055
0.0581703
0.0368145
0.0211638
0.0590308
0.00255211
0.0524022
0.0140597
0.0122363
0.0443097
0.00205275
0.0381405
0.0267853
0.0569661
0.0202301
0.0319772
0.0312478
0.0140656
0.0027262
0.0180424
0.0245205
0.0202301
0.0128441
0.0607826
0.0106522
0.0242012
0.0202301
0.000987828
0.0290142
0.0301813
0.0113681
0.0260625
0.0154838
0.0187865
0.042968
0.0306562
0.0483171
0.0033589
0.0036903
0.00410464
0.0105206
0.0191433
0.0181764
0.0598339
0.0252213
0.0257275
0.066563
0.0272468
0.0070892
0.0327057
0.0212348
0.0234318
0.050154
0.0192495
0.0121612
0.0268341
0.0241233
0.0451384
0.0309756
0.0152339
0.0286171
0.00741243
0.0166415
0.0470259
0.0404205
0.0401938
0.0157461
0.022441
0.0455738
0.0327691
0.0310793
0.039432
0.0416146
0.0347382
0.0395101
0.00410891
0.053276
0.0359342
0.0211638
0.0193751
0.0571016
0.0425047
0.0601532
0.0237064
0.0391127
0.00424993
0.00217617
0.0480449
0.00364292
0.0107425
0.0507758
0.0249924
0.0654363
0.037581
0.0419033
0.0483413
0.0137516
0.0519661
0.0667758
0.0192237
0.0257275
0.0220885
0.0141798
0.0190679
0.0227385
0.00146079
0.0420632
0.0474447
0.0237064
0.0079549
0.00451097
0.0199293
0.0372524
0.00775242
0.00283709
0.015954
0.0412804
0.0396041
0.0277758
0.00613618
0.0143501
0.0589456
0.0699773
0.020126
0.0258473
0.00546223
0.0592092
0.0193751
0.0400826
0.0222673
0.0554694
0.026968
0.0232409
0.0529765
0.017183
0.0267853
0.0610975
0.0580629
0.0257275
0.0372524
0.0289879
0.0226503
0.0642622
0.0430344
0.0321203
0.0562645
0.0366322
0.0660559
0.0275658
0.0111298
0.040157
0.0714725
0.0128899
0.0604945
0.00561804
0.0195625
0.0260788
0.013725
0.061234
0.0505868
0.0193751
0.00286639
0.0595514
0.0112525
0.0305317
0.0134809
0.0305317
0.00197399
0.05726
0.0461422
0.0192495
0.0262128
0.0248126
0.0343179
0.00581056
0.0195497
0.035913
0.021663
0.0483174
0.0251311
0.00755894
0.0182289
0.024115
0.0325595
0.0243612
0.0687352
0.0180424
0.0472055
0.00473505
0.0675446
0.026111
0.0133822
0.0263541
0.0202013
0.0690442
0.0540431
0.00491238
0.0280151
0.0335904
0.0545485
0.0306858
0.0312478
0.0485553
0.0144109
0.061234
0.0210412
0.0210455
0.0297936
0.0235777
0.00488389
0.0572087
0.004103
0.0146272
0.0439757
0.014137
0.0308669
0.011122
0.0117848
0.0461232
0.0496188
0.0202013
0.0319311
0.00197399
0.0493401
0.0369731
0.000728868
0.0420018
0.00800921
0.0215427
0.0695332
0.0717553
0.0493431
0.0415633
0.0535628
0.0256038
0.0129422
0.023018
0.0143204
0.0254706
0.00870454
0.0246154
0.0213435
0.00676889
0.0665203
0.0255247
0.0464892
0.0121953
0.0223
0.0280151
0.0307578
0.0304745
0.0244233
0.0106522
0.0258866
0.0291404
0.0476466
0.0305317
0.0033589
0.0157509
0.0177057
0.0253826
0.0314662
0.0351038
0.0583657
0.0186445
0.0280677
0.0363313
0.0206743
0.0157834
0.0333663
0.0118195
0.0270616
0.0261344
0.0277758
0.0278869
0.0322804
0.0688168
0.0280387
0.038937
0.0296092
0.0232767
0.0113681
0.0128961
0.00394392
0.0718363
0.00560278
0.00187996
0.0646701
0.00854868
0.00479418
0.0424562
0.0395554
0.0325783
0.0191398
0.0636112
0.01303
0.0176341
0.0228416
0.0457247
0.0496315
0.0381423
0.0556172
0.0186445
0.0565143
0.0522472
0.0227385
0.0177429
0.0177057
0.0248126
0.0202519
0.0221174
0.0659128
0.00890617
0.0229619
0.0258681
0.0360004
0.00845426
0.0349992
0.0157461
0.0571201
0.0157021
0.0575917
0.0196972
0.0441963
0.0079549
0.0187865
0.0346433
0.018315
0.0235777
0.0369189
0.0039379
0.0354388
0.04466
0.0175132
0.0748543
0.0596598
0.0135238
0.00857073
0.0406649
0.0297936
0.027403
0.0129763
0.021584
0.00236678
0.0225458
0.00497276
0.0746059
0.011638
0.0169284
0.0306562
0.00936598
0.023589
0.0290142
0.0111036
0.0035488
0.0178776
0.0465878
0.0176328
0.0214733
0.0406649
0.0381423
0.0386113
0.00854868
0.0261242
0.0180424
0.0165449
0.00162289
0.0118407
0.0347829
0.0128441
0.0271199
0.0254661
0.026111
0.0233454
0.0225164
0.0218499
0.0197864
0.0597392
0.0253826
0.0226503
0.0237064
0.0149325
0.00708616
0.0395684
0.0191398
0.0311256
0.056758
0.010101
0.0166415
0.0543116
0.00997499
0.0730821
0.0319311
0.0689998
0.0156759
0.0563353
0.0520475
0.00900963
0.011592
0.0173088
0.0330096
0.0191433
0.0464955
0.00955161
0.00461271
0.0186774
0.0124055
0.0218499
0.0581691
0.0254706
0.0722206
0.0153657
0.0623828
0.0524169
0.0306981
0.0620425
0.0247951
0.0701593
0.00969779
0.0150974
0.0234318
0.00221731
0.0180424
0.0332281
0.0355491
0.019049
0.00985534
0.0286171
0.038373
0.0479787
0.00900963
0.00555739
0.0292038
0.0333754
0.0347382
0.016957
0.0157509
0.0649567
0.00745591
0.0158194
0.0209725
0.0475819
0.0138573
0.011638
0.01303
0.00394392
0.0292038
0.0199634
0.0233897
0.0196462
0.0247951
0.0504239
0.0293444
0.0346127
0.0284739
0.0121318
0.0182235
0.00353485
0.00532985
0.0268692
0.0504469
0.0171737
0.0158357
0.0212079
0.0234838
0.0606196
0.0267853
0.020979
0.0170055
0.0208735
0.0148968
0.0223761
0.0249924
0.0538881
0.0395554
0.0225458
0.0234318
0.032523
0.0381356
0.0645219
0.0196462
0.0306562
0.0208735
0.0188561
0.0309226
0.0134809
0.0249203
0.0574088
0.0312838
0.00438306
0.0316964
0.0128961
0.0424562
0.00926721
0.0198361
0.0552264
0.000253737
0.0178776
0.0199815
0.0458286
0.0494327
0.0287133
0.0183157
0.0223746
0.011115
0.000517428
0.0383855
0.0238013
0.0275658
0.0301033
0.0699804
0.000712261
0.0383835
0.0533308
0.0157461
0.0190679
0.0749608
0.0316356
0.0316356
0.0358415
0.0360004
0.011845
0.0243534
0.00842428
0.0293722
0.0697514
0.0220827
0.0158113
0.0139191
0.0360004
0.0224982
0.0513197
0.0634899
0.0608691
0.0129763
0.0147093
0.0037877
0.0223746
0.06352
0.020023
0.0476466
0.0131667
0.027989
0.0272304
0.0253236
0.0158006
0.0157509
0.0312921
0.0279468
0.0009951
0.0405464
0.0439757
0.0246154
0.0182289
0.00548993
0.0202013
0.0630138
0.0158194
0.0343987
0.00561804
0.0170055
0.0180194
0.0166005
0.0629761
0.0444341
0.0184424
0.0142679
0.0169284
0.0181764
0.0386249
0.0508831
0.00985534
0.0227385
0.0245205
0.0277455
0.0105206
0.00695372
0.0331504
0.0286171
0.0312921
0.048444
0.018411
0.0735457
0.0293979
0.0591603
0.034158
0.0206922
0.00665593
0.0738414
0.0260788
0.0241233
0.0227965
0.000163198
0.0112525
0.00484955
0.0238872
0.0273134
0.0620425
0.0157509
0.0258888
0.00842428
0.0328873
0.0251276
0.0174535
0.00178933
0.0496728
0.0609345
0.0120567
0.0508888
0.0199293
0.0170055
0.00796956
0.0234887
0.070123
0.0415633
0.00981325
0.011122
0.06039
0.01236
0.0392507
0.0350775
0.018213
0.0457891
0.0120643
0.0126166
0.0305317
0.0181017
0.0374101
0.011833
0.0257369
0.0189196
0.0559952
0.00905966
0.0245921
0.0253826
0.0463676
0.0348033
0.02354
0.0338435
0.0150974
0.0624678
0.0358415
0.0435113
0.0257369
0.0357289
0.0231113
0.0128441
0.0267853
0.0104665
0.0240241
0.000622213
0.0238013
0.0278869
0.011833
0.0121953
0.0308907
0.0680513
0.0432819
0.0116748
0.000517428
0.0140656
0.00703919
0.0642622
0.0187865
0.0130868
0.026603
0.0251311
0.00455111
0.0593868
0.0289879
0.0248126
0.00244963
0.0366322
0.0158194
0.0392612
0.0344504
0.0127515
0.0130849
0.0070892
0.0176341
0.0162438
0.0277699
0.0187865
0.0257456
0.0625717
0.023018
0.0156026
0.0534119
0.0351038
0.0239185
0.00217617
0.0245921
0.00359845
0.036421
0.0224157
0.0234099
0.00949126
0.00290722
0.00359845
0.0149325
0.00190938
0.0354388
0.0276965
0.0169284
0.0270809
0.0312921
0.0359342
0.0260625
0.053261
0.0125803
0.0253826
0.0197864
0.0218499
0.0727025
0.039492
0.0409019
0.0369189
0.0753924
0.0190679
0.011115
0.0245205
0.0121612
0.0286171
0.0194505
0.0106522
0.00997499
0.028794
0.0245921
0.0208735
0.0391816
0.019063
0.0192495
0.0591346
0.0270616
0.038071
0.033084
0.0465627
0.0141525
0.0166693
0.020126
0.0324073
0.0547462
0.0528342
0.0297936
0.0252213
0.0277699
0.0614752
0.0483413
0.00384212
0.0143502
0.0518019
0.00035134
0.00745447
0.0248126
0.0161338
0.0702729
0.0437969
0.00749266
0.0191654
0.0584182
0.0451614
0.0222193
0.0174348
0.0380584
0.00561804
0.0483935
0.0242252
0.0137469
0.0219483
0.0425047
0.0289415
0.0195435
0.0751416
0.0369189
0.0483171
0.0166415
0.0569783
0.0232767
0.0292999
0.0333663
0.0237008
0.00346848
0.0355251
0.0674884
0.0550408
0.0442224
0.0153352
0.00359845
0.0358089
0.011845
0.0492104
0.0166642
0.0147454
0.0493401
0.0528687
0.0349992
0.0289606
0.0544072
0.019063
0.0437682
0.0711023
0.00887394
0.00653261
0.0411347
0.0343288
0.00941627
0.0627761
0.0214733
0.0415837
0.0219304
0.0255247
0.0126691
0.011833
0.0191639
0.0526196
0.0223761
0.0141417
0.0642643
0.0453579
0.0493401
0.0248116
0.0127168
0.0230399
0.0268692
0.00205275
0.0336966
0.0258681
0.0035488
0.0230399
0.0260625
0.0249924
0.00098139
0.0520131
0.023018
0.014137
0.0471812
0.0140656
0.017306
0.0271199
0.0395554
0.0479214
0.0757384
0.0222193
0.00394392
0.01303
0.0359342
0.0293722
0.0195435
0.0280151
0.0242012
0.0236391
0.0254874
0.0238013
0.0219483
0.074599
0.0638965
0.036421
0.0129763
0.0233752
0.0228604
0.0187865
0.0625022
0.0413852
0.0732329
0.0209725
0.0260363
0.0373884
3.37362e-05
0.0251725
0.0393534
0.00359845
0.0573013
0.0248116
0.0527402
0.0383012
0.0316356
0.0246513
0.0591466
0.0119785
0.0600592
0.0533365
0.0657662
0.00987005
0.0614578
0.0359342
0.0212528
0.0103911
0.0260625
0.0304745
0.0269622
0.0485779
0.0237064
0.0124055
0.0258473
0.011759
0.0106522
0.00997499
0.0538701
0.0523494
0.0763684
0.000863671
0.0158357
0.0310716
0.025478
0.061996
0.0277215
0.0506247
0.0153657
0.0115979
0.0267853
0.00513205
0.018213
0.0591905
0.0534438
0.0269351
0.0277151
0.0116478
0.0363022
0.0342033
0.0269351
0.0539709
0.026111
0.0150974
0.00394392
0.0178776
0.0130849
0.0202301
0.0187865
0.0254706
0.0186445
0.0153048
0.0633969
0.00602967
0.0252213
0.0301773
0.0292999
0.0389045
0.0247837
0.0614545
0.0214733
0.0493401
0.0221667
0.0597151
0.0309226
0.0297936
0.0623604
0.0037877
0.019604
0.0756317
0.028794
0.0670049
0.0121612
0.0318848
0.0223746
0.0645784
0.01236
0.0107425
0.0172259
0.0347382
0.0229455
0.0340288
0.0240241
0.0635831
0.0225458
0.0213435
0.0354388
0.00346848
0.0245921
0.0391375
0.0448623
0.0432819
0.00461185
0.0254874
0.028321
0.00892764
0.0175132
0.0471815
0.0394899
0.0187865
0.0347382
0.0596197
0.0580582
0.0163969
0.00965697
0.00587511
0.0588712
0.0212528
0.018315
0.0257408
0.0037877
0.0118474
0.0262128
0.0649452
0.0312921
0.071555
0.00394392
0.0227965
0.0254661
0.023018
0.021585
0.0258473
0.00703919
0.00857073
0.0231907
0.0645117
0.0426023
0.0480828
0.0660877
0.0247378
0.0287133
0.00842428
0.0453678
0.0235264
0.0200007
0.0698704
0.00929439
0.0301406
0.0238458
0.0191398
0.0276965
0.0257456
0.0306116
0.0246316
0.0136655
0.0753474
0.059506
0.0306858
0.0716071
0.0744231
0.010101
0.0674713
0.048483
0.046944
0.0147454
0.0320697
0.0566478
0.0593385
0.0419993
0.0459746
0.00436485
0.0670988
0.029039
0.0690767
0.0559502
0.00857073
0.00703919
0.00197399
0.018213
0.0358723
0.0356725
0.0154302
0.00555739
0.0463676
0.048601
0.0509329
0.014137
0.0663067
0.0558217
0.000782125
0.01303
0.0155195
0.0332406
0.0295631
0.0602145
0.0393264
0.0358089
0.00936598
0.0325595
0.0214733
0.00888908
0.028734
0.0358723
0.00703919
0.0280501
0.0234887
0.029928
0.0230399
0.0291947
0.0566754
0.060064
0.0129763
0.0222673
0.0135398
0.068005
0.0121318
0.0589811
0.0442014
0.025215
0.0386249
0.0157509
0.0338435
0.0192623
0.0275124
0.0310823
0.0219647
0.0275658
0.00900963
0.0583415
0.0417058
0.0232409
0.0204513
0.0192791
0.0128441
0.0223761
0.0676714
0.0199128
0.00911015
0.0222673
0.0233454
0.0157656
0.0301611
0.019049
0.0742115
0.0629601
0.011122
0.0733925
0.0419033
0.00321227
0.0657132
0.0348926
0.0604325
0.0121612
0.00732547
0.0319397
0.0340326
0.0253295
0.0257369
0.0147172
0.0195435
0.0120587
0.0121318
0.0191654
0.00255211
0.0476831
0.0333663
0.00098139
0.0240802
0.00241053
0.0465627
0.0134677
0.0247951
0.0259582
0.0147172
0.0112525
0.0514289
0.012303
0.020126
0.0237064
0.0726602
0.0175239
0.0487431
0.00146079
0.0304745
0.027989
0.038723
0.0350313
0.042294
0.0237064
0.0395554
0.0258681
0.00359845
0.0614752
0.0326446
0.0342613
0.00518274
0.019442
0.0257408
0.0304745
0.0218499
0.0158194
0.0442014
0.0501097
0.0523596
0.0251415
0.00587511
0.0124055
0.0488086
0.0204565
0.00778687
0.00178933
0.00955161
0.0152758
0.0037877
0.02354
0.0267853
0.0257408
0.0639163
0.0393264
0.0157987
0.0318089
0.0730662
0.0121318
0.00459692
0.0358283
0.0457427
0.0254661
0.0289366
0.0111036
0.0226503
0.0173088
0.00945921
0.0246513
0.0414173
0.0176244
0.0194072
0.0440134
0.0371842
0.0293722
0.020126
0.0405169
0.0233454
0.0260917
0.0197864
0.0458224
0.0297838
0.0358723
0.0142257
0.0580122
0.026111
0.013982
0.0125803
0.0381423
0.0540977
0.00334042
0.0224179
0.0625963
0.0243141
0.062929
0.05086
0.0195435
0.00561804
0.00116235
0.00926721
0.06352
0.0394741
0.0635491
0.0334337
0.0328935
0.0716071
0.0301406
0.0146272
0.0330206
0.0691727
0.0146272
0.0262128
0.033084
0.0257275
0.0463198
0.0120056
0.0116748
0.0177057
0.00900963
0.00787884
0.0120769
0.0581691
0.0613425
0.0219483
0.0361124
0.0128652
0.0334671
0.0235777
0.0103563
0.0150974
0.0177889
0.0381423
0.00779289
0.0146272
0.0146272
0.0410707
0.0581703
0.00785983
0.0248819
0.0576648
0.026111
0.0308889
0.00857073
0.0260788
0.0643731
0.0570087
0.00130498
0.0754036
0.0243534
0.0233897
0.068499
0.00892514
0.020126
0.0234838
0.0292999
0.0115979
0.0121892
0.0134677
0.0569512
0.0223746
0.00878796
0.0187865
0.0634993
0.0374101
0.0192495
0.0180194
0.0245205
0.0327163
0.0654519
0.0395554
0.00960124
0.00956368
0.0234838
0.015418
0.0277699
0.00864089
0.0262128
0.0475151
0.000517428
0.0157461
0.00864089
0.0237472
0.0106522
0.0292378
0.0652902
0.0275483
0.0157461
0.0251415
0.0435854
0.0561019
0.0504784
0.0477272
0.0515692
0.0253559
0.00255211
0.00730205
0.0227659
0.0210455
0.0453479
0.0140656
0.0646857
0.0557253
0.00146079
0.0455712
0.019604
0.0459489
0.0506746
0.0254706
0.0103648
0.0245205
0.0350775
0.0310339
0.0280151
0.040157
0.0349597
0.00526291
0.0238872
0.00197399
0.0271813
0.0557253
0.0734009
0.0628166
0.0253826
0.0184082
0.00255211
0.018315
0.0620978
0.0419993
0.0569282
0.0212598
0.00596607
0.027989
0.0404429
0.0141417
0.064385
0.0157915
0.0198163
0.011638
0.00098139
0.0254706
0.0211539
0.0171061
0.0274609
0.0606116
0.0305165
0.0237064
0.0277758
0.0336826
0.00911015
0.0226503
0.000883877
0.00888908
0.0175132
0.00236639
0.00206745
0.0166642
0.0688168
0.019442
0.0224982
0.0285553
0.0238872
0.0262128
0.0247951
0.0212528
0.00476187
0.0292038
0.028794
0.0198163
0.0488925
0.0153657
0.0472258
0.0636985
0.0423118
0.0461422
0.0296007
0.0312335
0.0242012
0.026705
0.0346127
0.000622213
0.0396233
0.0345016
0.0358723
0.048444
0.0333663
0.000270285
0.0317654
0.00875139
0.0033589
0.0572276
0.0427313
0.0461422
0.0266519
0.011122
0.0465516
0.0588459
0.0121953
0.0432466
0.0227385
0.0567158
0.0147454
0.0491912
0.0121953
0.0170055
0.0550408
0.0691588
0.0252213
0.0143204
0.0243534
0.0219647
0.0468212
0.0666696
0.0573013
0.00695196
0.0147454
0.0248116
0.0728451
0.0657662
0.0200355
0.028321
0.0225725
0.0472027
0.0115306
0.0125803
0.0261804
0.0262128
0.025129
0.0327691
0.018315
0.0512102
0.036421
0.0324073
0.00532985
0.0320362
0.0333663
0.0350976
0.0269351
0.0238013
0.0548328
0.0240802
0.063302
0.0295455
0.0731773
0.0435079
0.0360004
0.0234099
0.027989
0.0212027
0.0628569
0.0484453
0.0225725
0.017441
0.00397027
0.0436972
0.0248228
0.0351038
0.0338256
0.0248116
0.0188561
0.0230978
0.0489218
0.0439066
0.017495
0.0275308
0.0333663
0.011638
0.0173088
0.0461422
0.00197399
0.0158194
0.0149693
0.0127515
0.0128441
0.0338805
0.0156178
0.0116748
0.0171737
0.0158405
0.0279709
0.0570016
0.018315
0.0457674
0.0219647
0.0121412
0.0302743
0.00955161
0.0233897
0.0190679
0.0555238
0.0101444
0.0223746
0.0259914
0.0140597
0.0532627
0.0098123
0.0209725
0.0271813
0.0147454
0.019063
0.0673183
0.00796956
0.0456407
0.0255247
0.0235264
0.0191189
0.0175132
0.0228847
0.0427731
0.0546526
0.00275445
0.0288277
0.0503122
0.0461422
0.0341591
0.0655214
0.0415553
0.0320153
0.0581498
0.0358283
0.00871088
0.0240802
0.0103648
0.0573215
0.0187865
0.0650257
0.0753104
0.0426288
0.0305967
0.0148968
0.0116748
0.0301071
0.0608817
0.000517428
0.00583225
0.0158113
0.0415833
0.0233897
0.0157461
0.0210164
0.0346176
0.0236285
0.0246513
0.0434576
0.01236
0.0400761
0.0338256
0.0448454
0.022038
0.0520184
0.0152203
0.0277455
0.0298382
0.0190679
0.0676748
0.0546345
0.0746436
0.0070892
0.0645444
0.0190679
0.0636373
0.0247837
0.00878796
0.0177057
0.0289366
0.0116748
0.0357186
0.0674713
0.0249487
0.021585
0.00413334
0.0248819
0.0379668
0.0708094
0.0630102
0.0461491
0.0193751
0.05719
0.0647872
0.0227385
0.00887394
0.00677896
0.0154838
0.0254661
0.00346848
0.0359342
0.0249924
0.0258681
0.00955161
0.00242394
0.00596607
0.0598936
0.0107346
0.050497
0.0234099
0.00555739
0.0111036
0.00548255
0.00394392
0.0309756
0.0252213
0.0700145
0.066587
0.00218594
0.0645725
0.0208735
0.00703919
0.0636643
0.033084
0.0212463
0.00703919
0.0325595
0.0268397
0.00857073
0.0347634
0.0079549
0.00138885
0.0193751
0.038866
0.00394392
0.0307578
0.0503641
0.00315686
0.0354388
0.0691588
0.0173088
0.0233762
0.0347301
0.0292999
0.0697332
0.0326446
0.00968146
0.0470512
0.016853
0.0196462
0.018213
0.034158
0.016853
0.0406423
0.0538701
0.0472078
0.0153657
0.0631466
0.00555739
0.0354388
0.0247837
0.0320904
0.0192495
0.0695043
0.0623604
0.0278386
0.0423297
0.0380761
0.0248819
0.0297838
0.00361627
0.0070892
0.0119741
0.0549765
0.0163437
0.0210455
0.0582109
0.0316356
0.0287937
0.0610168
0.0070892
0.0212328
0.0167318
0.00544751
0.00967002
0.0214733
0.0271813
0.0744231
0.0549532
0.0360004
0.0304745
0.0345055
0.0235777
0.0237008
0.0466616
0.0218822
0.019063
0.0115631
0.0257408
0.0332101
0.0292038
0.00191528
0.023018
0.00394392
0.0279209
0.0198361
0.01236
0.0261719
0.0544974
0.0511767
0.0387816
0.0188561
0.0305165
0.000517428
0.0136264
0.00857073
0.025215
0.0287133
0.011115
0.0283882
0.03893
0.0285553
0.022609
0.0315022
0.0125715
0.0713807
0.0613623
0.019604
0.0198163
0.0371135
0.0137938
0.0234099
0.0664561
0.0271813
0.0254963
0.0130901
0.0233897
0.00911015
0.0237008
0.0160215
0.0070892
0.00146079
0.0219304
0.0108656
0.0115296
0.0447049
0.0483171
0.0230399
0.0559045
0.0120643
0.0246154
0.057082
0.0297838
0.0127168
0.0719591
0.0462418
0.0234764
0.0247951
0.0583794
0.0105206
0.0249095
0.0632889
0.0240802
0.0570012
0.0234099
0.00555739
0.0254661
0.025129
0.00785983
0.0316356
0.0371842
0.0161338
0.0213435
0.038071
0.0168252
0.0536124
0.0280837
0.0251311
0.0126834
0.0471812
0.00926721
0.00955161
0.00146079
0.0198361
0.0401631
0.0419592
0.00255211
0.0552939
0.0176029
0.0307578
0.0103648
0.0591346
0.0234838
0.0158113
0.026899
0.0229724
0.0462517
0.0271199
0.0287423
0.0296092
0.0381423
0.0392414
0.0279657
0.0079549
0.0483171
0.00300932
0.0279874
0.0180424
0.0380171
0.0274528
0.0631146
0.021984
0.0295455
0.00389206
0.0306858
0.0436313
0.0218843
0.0105206
0.00677896
0.011833
0.017306
0.0706808
0.0625433
0.0036903
0.0499521
0.0475534
0.0158357
0.0107425
0.0696764
0.0636935
0.011833
0.0224982
0.0568273
0.0485721
0.0257408
0.0134985
0.0369731
0.0641301
0.0360004
0.0463676
0.0471258
0.0242337
0.0191433
0.011122
0.00645687
0.0241684
0.0799005
0.0633015
0.0258473
0.027989
0.0186173
0.0432868
0.0296007
0.0265301
0.00776624
0.0208735
0.0346127
0.0627425
0.0248819
0.0427617
0.0199293
0.0120643
0.0279468
0.0165854
0.0358089
0.0177057
0.0306562
0.0257275
0.0176915
0.0230399
0.0649452
0.0173088
0.0547661
0.0451326
0.0344294
0.019604
0.030285
0.0268341
0.0268397
0.00359845
0.0243534
0.0423011
0.0210455
0.0134809
0.034158
0.0106522
0.026052
0.014137
0.00941414
0.0394432
0.0121318
0.0462517
0.0214733
0.0138841
0.0497892
0.00887394
0.0169284
0.0401936
0.0378133
0.00278866
0.0274609
0.018431
0.0170055
0.00926721
0.0253826
0.0389814
0.0123927
0.0249203
0.0586829
0.0350313
0.0180424
0.00320816
0.0122363
0.0150974
0.0372524
0.0235777
0.0742307
0.0196462
0.0174125
0.0619142
0.023018
0.0391965
0.0158357
0.02427
0.0134809
0.0104318
0.0572298
0.00555739
0.0278386
0.0343543
0.0704744
0.0454591
0.0035488
0.0211638
0.026111
0.0222193
0.0093675
0.0483171
0.0347382
0.0341591
0.0125236
0.0717931
0.0634899
0.018213
0.0312539
0.00205275
0.017306
0.0546345
0.00346848
0.0306858
0.0223746
0.0188561
0.074976
0.0276179
0.0624174
0.0268341
0.0701593
0.0231907
0.011778
0.0333663
0.0138841
0.00425862
0.016714
0.0601444
0.0637964
0.0130949
0.0062809
0.0423438
0.0241684
0.0574205
0.0033589
0.0297936
0.0175004
0.0293979
0.0113081
0.0245003
0.0175874
0.0186445
0.0271199
0.0154838
0.0143374
0.0345193
0.0226503
0.017306
0.00776624
0.0115796
0.0223332
0.00703919
0.0239555
0.0037877
0.0642665
0.0104665
0.0234318
0.0199798
0.0331439
0.0541805
0.0235004
0.0597151
0.0353972
3.37362e-05
0.0483171
0.0254706
0.018315
0.000866562
0.0423792
0.0213542
0.0268341
0.0270616
0.0233241
0.0297863
0.0634497
0.0275075
0.0214733
0.0218843
0.0186445
0.0253826
0.0483171
0.011833
0.0296007
0.065729
0.0663067
0.0572087
0.0535729
0.0242012
0.0257408
0.0079549
0.0287133
0.0178776
0.0254706
0.0634528
0.0234099
0.0701349
0.0530324
0.0306562
0.0192495
0.011115
0.0222193
0.0105729
0.011115
0.0587277
0.0496516
0.0129763
0.0186248
0.0108432
0.034158
0.0292038
0.046854
0.022859
0.00864089
0.0285553
0.0327406
0.0515269
0.042918
0.00602967
0.00892514
0.0331697
0.0175239
0.0271813
0.016166
0.00602084
0.0626678
0.020126
0.0254874
0.0234838
0.034158
0.018213
0.00677896
0.0645107
0.0573929
0.0426571
0.0435868
0.034158
0.00146079
0.0667372
0.0187865
0.0367495
0.0467253
0.0719055
0.0749807
0.0563677
0.00621605
0.0234099
0.0219483
0.0251415
0.00098139
0.0238458
0.0411809
0.0223746
0.0568082
0.0134561
0.0663581
0.0619304
0.0358723
0.0297936
0.0731647
0.0606819
0.0166642
0.0036903
0.0649452
0.0148968
0.0138146
0.0593477
0.0257456
0.0028076
0.0135063
0.0625063
0.0158113
0.0301406
0.0550408
0.0517972
0.0378313
0.0211987
0.0138289
0.0286171
0.0252559
0.0148968
0.0280151
0.0375909
0.0070892
0.00981364
0.0464695
0.0449492
0.0253826
0.00561804
0.0720192
0.00509542
0.0513415
0.0035488
0.0110451
0.0374101
0.019063
0.0493401
0.0400715
0.0106188
0.0235777
0.0673546
0.00587511
0.0681294
0.0584182
0.038071
0.0258473
0.0391127
0.0429636
0.0693272
0.074734
0.0122363
0.0278386
0.0191433
0.0290702
0.0105206
0.0383855
0.0465627
0.0206242
0.013366
0.0358723
0.0368731
0.0148909
0.0388038
0.0647318
0.0115296
0.0270411
0.0107425
0.0219139
0.0645353
0.0293979
0.0363588
0.0149325
0.0343288
0.0293979
0.00488144
0.0102505
0.0590802
0.0037877
0.0316878
0.0648893
0.058807
0.0325595
0.0227968
0.0254706
0.0358415
0.0240241
0.0112525
0.0565909
0.0405165
0.0351914
0.0447141
0.0149325
0.0221619
0.0556959
0.0135196
0.0537194
0.0360004
0.0603333
0.0349597
0.053379
0.0320445
0.00888908
0.00346848
0.0280231
0.0483171
0.0246154
0.00936048
0.0079549
0.0678301
0.0599816
0.0186445
0.0238872
0.0115296
0.028794
0.0296007
0.0446429
0.00658136
0.0358415
0.0491548
0.0263249
0.00296903
0.0253826
0.00334042
0.00908965
0.0110338
0.0184082
0.0465627
0.0305317
0.0497868
0.0157461
0.038836
0.0115979
0.0579043
0.0560724
0.0350775
0.0198361
0.059768
0.0642241
0.0180424
0.0158194
0.0115979
0.0375726
0.0362014
0.0732151
0.0237008
0.0169284
0.0035488
0.0196523
0.0260099
0.0666457
0.0249233
0.0383787
0.0565747
0.0249095
0.0565966
0.029928
0.0396233
0.0138289
0.00959277
0.0467362
0.0249924
0.0292796
0.0571166
0.0227438
0.0349597
0.0277758
0.0539709
0.0301406
0.0557487
0.0372524
0.0541604
0.00146079
0.0190591
0.0257456
0.0188561
0.0289366
0.0297838
0.0358415
0.0227385
0.0286171
0.00842428
0.0254661
0.0134677
0.0145608
0.0212478
0.0585575
0.073803
0.0261246
0.0514032
0.00178933
0.0616833
0.0238872
0.0382667
0.0133053
0.000621125
0.0341863
