0.054031
0.0261059
0.00989495
0.0271957
0.0619661
0.017463
0.00550973
0.0289317
0.0469653
0.0341466
0.0644359
0.0358139
0.0476752
0.00601399
0.0289317
0.0097056
0.040656
0.030072
0.0255105
0.0457155
0.0161192
0.0123503
0.0289317
0.0151858
0.0619661
0.025238
0.0289317
0.0290848
0.00989495
0.0426207
0.0289317
0.0883875
0.0289317
0.0317894
0.021853
0.00769997
0.0576898
0.0481429
0.0427836
0.0616266
0.000425979
0.017463
0.0358139
0.0774387
0.0228845
0.0298582
0.0774387
0.0150046
0.0350118
0.0524009
0.044892
0.031551
0.0172394
0.076737
0.0289317
0.0285001
0.00271261
0.0134778
0.0319712
0.0381377
0.0454178
0.0321078
0.0134778
0.000425979
0.0271957
0.0271957
0.0279611
0.0422357
0.00919951
0.00769997
0.0271957
0.00989495
0.0638705
0.0319712
0.00989495
0.0372536
0.0268144
0.0113574
0.0285689
0.0495548
0.0285689
0.0285689
0.0215907
0.0499304
0.0653602
0.030079
0.0189725
0.018411
0.0285689
0.019292
0.0289317
0.0161685
0.0141527
0.0134778
0.0419107
0.00601399
0.00601399
0.0433339
0.0206951
0.0181327
0.026651
0.0747502
0.0457155
0.0370928
0.0206951
0.0271957
0.0341803
0.0752841
0.0289484
0.0805878
0.0271957
0.0457155
0.017463
0.0285689
0.0514001
0.0255105
0.030072
0.0255105
0.0793623
0.0379856
0.0179638
0.0375797
0.0198533
0.030072
0.0279611
0.0257991
0.0548998
0.0317894
0.0285001
0.0207198
0.0479037
0.0271957
0.0811823
0.0119412
0.0510633
0.017463
0.00271261
0.0303596
0.0255104
0.0540094
0.00434743
0.0314941
0.0380657
0.0218464
0.0745726
0.0189046
0.0297563
0.030072
0.0214489
0.00435323
0.0137516
0.0287433
0.0290848
0.0269812
0.00929153
0.0555351
0.0218464
0.00191349
0.0218464
0.0407842
0.0576212
0.0818086
0.0198461
0.0416443
0.0293415
0.0400231
0.030079
0.0285689
0.0166671
0.0321078
0.028123
0.0183639
0.0281842
0.0195055
0.0715096
0.0297563
0.0270663
0.00601399
0.0134778
0.0533068
0.00601399
0.031551
0.031551
0.054031
0.0261008
0.0495009
0.0630968
0.0509617
0.0124692
0.00133079
0.0206951
0.021853
0.0432074
0.0379428
0.0317674
0.0527916
0.0164695
0.00501516
0.0287433
0.0480724
0.0297563
4.38094e-05
0.0476752
0.0213753
0.0811823
0.0457155
0.0321078
0.0319712
0.030072
0.0168685
0.000425979
0.065767
0.0287433
0.027609
0.0155853
0.0341466
0.0285001
0.0134778
0.0106707
0.0271957
0.0336459
0.00654012
0.00804684
0.0143512
0.0531707
0.0785581
0.0619661
0.00871241
0.0198533
0.0293149
0.0319712
0.0257372
0.0103303
0.0341803
0.0311297
0.00249012
0.00741518
0.0533487
0.0187898
0.0106707
0.0220844
0.0218878
0.0488755
0.0255962
0.024556
0.0197448
0.0285001
0.017267
0.00382333
0.0289317
0.00382333
0.0617159
0.0333999
0.0410127
0.0274822
0.031551
0.0619661
0.0271957
0.0352544
0.0204647
0.0567287
0.0299374
0.0327951
0.0261008
0.0289317
0.0358871
0.0358139
0.0319712
0.00380546
0.027609
0.0200372
0.00919951
0.0922727
0.0534455
0.0279611
0.043126
0.032961
0.0804519
0.0134778
0.0574256
0.00581098
0.031551
0.0243455
0.0271957
0.0289317
0.0619661
0.0255104
0.0169544
0.0366859
0.0255105
0.0354682
0.00601399
0.0213753
0.00989495
0.0500058
0.0667604
0.0166671
0.0204431
0.0289317
0.0261008
0.0501984
0.054363
0.051749
0.0673119
0.062406
0.0271957
0.0608591
0.031551
0.0257372
0.0338627
0.0469717
0.0161192
0.030072
0.0285001
0.0285689
0.0774387
0.0465257
0.0287399
0.076737
0.0119692
0.0427836
0.018411
0.0321078
0.0150393
0.00385672
0.0845049
0.030072
0.00382333
0.0279611
0.0287399
0.0134778
0.0289317
0.0289317
0.0584104
0.0234513
0.0413034
0.0413798
0.0285689
0.0220844
0.0218464
0.0279248
0.0297563
0.030072
0.0341803
0.00601399
0.030072
0.0024147
0.0289317
0.0380688
0.0420154
0.017886
0.0715096
0.0345489
0.0250632
0.0286626
0.00382333
0.043238
0.0134778
0.0263059
0.0434756
0.0271957
0.0411134
0.0367137
0.000425979
0.0215907
0.0211326
0.0457155
0.0299374
0.0424584
0.0285689
0.0194674
0.0498157
0.0289484
0.0701559
0.021853
0.00202888
0.0400231
0.0260628
0.0480724
0.0287399
0.0422939
0.0379693
0.026651
0.0481429
0.0470296
1.5378e-05
0.0206951
0.0155458
0.0220693
0.0372536
0.0344191
0.0160423
0.0111917
0.0966893
0.0242328
0.0319712
0.0287433
0.0247903
0.0179638
0.0488711
0.0373634
0.0419107
0.0385124
0.030072
0.00596064
0.0178979
0.00206876
0.0293415
0.0248282
0.00601399
0.0214802
0.030072
0.0115043
0.0208309
0.030072
0.0405632
0.0362604
0.0427655
0.0294806
0.031551
0.00989495
0.0457398
0.0183639
0.0206951
0.0289317
0.0299374
0.0289317
0.00501516
0.0816931
0.036474
0.0303596
0.0287433
0.0242328
0.0204882
0.0207198
0.0534075
0.0285689
0.0269035
0.048432
0.0187047
0.000390232
0.0188735
0.0343817
0.0286626
0.0345939
0.0287399
0.037974
0.0287433
0.0319712
0.0568502
0.0481429
0.00382333
0.0287433
0.0289317
0.0285689
0.030072
0.0406344
0.0289317
0.050012
0.023137
0.000425979
0.0144115
0.015452
0.0179638
0.0118981
0.0228703
0.0511826
0.00686574
0.0261008
0.0289317
0.00431406
0.030072
0.00814921
0.0287399
0.0340474
0.00206876
0.0227243
0.0285689
0.0533068
0.0287433
0.0204647
0.0250632
0.015452
0.030072
0.0137516
0.0208369
0.00490439
0.0575412
0.0647357
0.0180539
0.00347263
0.00751868
0.031551
0.0160423
0.0245177
0.0379004
0.043003
0.0218464
0.00368577
0.0303596
0.00989495
0.0747502
0.0303596
0.0031293
0.0218464
0.0212382
0.0568502
0.0301706
0.030072
0.0183531
0.0422939
0.0279248
0.0668722
0.04564
0.0172394
0.031551
0.0242328
0.0465257
0.0416297
0.0319712
0.0297563
0.017463
0.0388128
0.030072
0.076737
0.0253082
0.0388268
0.0388268
0.0271957
0.0361003
0.030072
0.0285689
0.0501308
0.0352176
0.0161023
0.0367561
0.0286626
0.0285001
0.0271957
0.0420154
0.030072
0.0454178
0.027609
0.0303596
0.0289317
0.00601399
0.0433616
0.0358139
0.0247903
0.0500362
0.0474423
0.030072
0.0427836
0.0340474
0.0198458
0.043238
0.0469653
0.044614
0.0529594
0.030072
0.00490439
0.0145416
0.0698703
0.0491774
0.030072
0.0333999
0.0534455
0.00382333
0.0289317
0.0416297
0.0285001
0.0793623
0.046185
0.0167934
0.0406076
0.000425979
0.0271957
0.0181359
0.0092603
0.017886
0.0381377
0.030072
0.0386415
0.0271957
0.030072
0.0435805
0.0257372
0.0382369
0.0352176
0.00513095
0.0355642
0.0615438
0.0227243
0.0663618
0.0299374
0.00086385
0.0160423
0.0415892
0.038448
0.0484064
0.0568609
0.0914617
0.0361003
0.0289317
0.030072
0.0368985
0.0374666
0.0848918
0.0294598
0.0483956
0.0282267
0.0340474
0.0137516
0.0355642
0.0297804
0.0119692
0.0343543
0.0422357
0.0220844
0.00919951
0.017267
0.0244612
0.0474546
0.0287433
0.0255105
0.0197095
0.0311071
0.0495058
0.0511826
0.091689
0.0462953
0.0319712
0.025438
0.0269812
0.0168461
0.0159052
0.0119692
0.00601399
0.0642598
0.0164695
0.0285689
0.0414852
0.0502078
0.0285001
0.0828556
0.00654012
0.030072
0.0124113
0.00832736
0.0206951
0.0147197
0.0183639
0.0206951
0.0319712
0.0303596
0.0271957
0.0341803
0.0419899
0.00755805
0.0268237
0.0299599
0.0287433
0.0287433
0.0914617
0.0271957
0.0285001
0.0524763
0.0286626
0.0271957
0.0341115
0.07225
0.030072
0.0297563
0.030072
0.0452691
0.0213753
0.0289317
0.0290848
0.0819345
0.0859163
0.00523239
0.0207198
0.048432
0.0179638
0.0303456
0.0273432
0.019693
0.0220844
0.0155458
0.0701819
0.0134778
0.031551
0.0247903
0.017463
0.0274479
0.0289317
0.0414852
0.0340474
0.0279611
0.031551
0.0535335
0.022911
0.00365794
0.0311297
0.0279248
0.0354682
0.031551
0.00196272
0.030072
0.0783657
0.0340474
0.0333999
0.0247903
0.069971
0.0668722
0.0753835
0.0242328
0.0741993
0.026651
0.030072
0.00249012
0.0457155
0.0443322
0.0684903
0.082739
0.0668722
0.00450607
0.0254412
0.00444371
0.0137516
0.0289317
0.0155458
0.0134778
0.0319712
0.0031293
0.028556
0.0400231
0.0355642
0.00915354
0.0178979
0.030072
0.0534455
0.00804684
0.030072
0.0381864
0.0534455
0.0250897
0.0206951
0.0289484
0.0310414
0.0285001
0.0213753
0.0303596
0.0358139
0.0289317
0.0308117
0.014091
0.0297576
0.0279611
0.0616193
0.023137
0.025238
0.030414
0.0106707
0.00601399
0.011354
0.0183531
0.0747502
0.0289317
0.0255104
0.0089491
0.0271957
0.0516942
0.0271957
0.0123274
0.0157092
0.00601399
0.00232033
0.0380688
0.030072
0.030072
0.045013
0.00365204
0.0494863
0.0498071
0.0269283
0.00473118
0.0287433
0.043238
0.0285689
0.00382333
0.0289317
0.0436636
0.0361003
0.0289317
0.0287433
0.0474067
0.0254412
0.0385124
0.0370928
0.0255105
0.0491793
0.0213753
0.0403706
0.0293697
0.0289317
0.0514503
0.0049594
0.0285001
0.0701819
0.0178953
0.0337749
0.04362
0.0548036
0.0363625
0.0289317
0.026651
0.0390282
0.0627215
0.0134778
0.0218878
0.00380546
0.0340474
0.0161685
0.0145352
0.0297563
0.0328252
0.0368123
0.0641091
0.027609
0.0414853
0.00907117
0.0321078
0.0187898
0.0271957
0.0183639
0.0398856
0.0493065
0.015452
0.030072
0.0140128
0.00271261
0.0242328
0.0179638
0.0104108
0.024556
0.0299374
0.00382333
0.015452
0.0502078
0.00307804
0.044614
0.0804519
0.0524763
0.0391923
0.0381864
0.0289317
0.023137
0.0286626
0.0263205
0.0285689
0.0179638
0.030072
0.0301706
0.0148519
0.0263205
0.0358139
0.0470456
0.023243
0.0238902
0.0289317
0.0289317
0.0285053
0.0149162
0.030072
0.0388268
0.0169544
0.0314941
0.0194674
0.0115324
0.0247903
0.0619661
0.0285689
0.0279611
0.0370928
0.0321078
0.0519196
0.017463
0.0332857
0.021853
0.0285689
0.030072
0.0289317
0.0271957
0.043223
0.0328252
0.00148988
0.00304145
0.00249012
0.0149046
0.0178979
0.0388268
0.0289317
0.0269035
0.0319712
0.0289317
0.0289317
0.0669724
0.0150393
0.0297563
0.0200794
0.0289317
0.0220844
0.0160423
0.0287433
0.0285689
0.0848918
0.0195011
0.00804684
0.0502806
0.01575
0.030072
0.0271957
0.0215907
0.0124113
0.0260628
0.0058043
0.0145352
0.031551
0.0134778
0.0615438
0.00249012
0.0161192
0.0774387
0.000943899
0.0774387
0.0204431
0.0114204
0.0321078
0.0285689
0.00368816
0.0287433
0.00382333
0.0328252
0.0271957
0.0467582
0.023714
0.030072
0.0341803
0.0420619
0.0166671
0.0271957
0.0261008
0.000390232
0.0760013
0.0137516
0.000568867
0.035395
0.00769997
0.0964452
0.0271957
0.00686574
0.0289317
0.031551
0.0351661
0.0633226
0.0218878
0.0242328
0.00989495
0.0747502
0.030072
0.0183199
0.0249617
0.0289317
0.00999102
0.0516942
0.0356769
0.0527916
0.0484021
0.00929153
0.00919951
0.0117029
0.0255105
0.0250897
0.0293149
0.00769997
0.0205492
0.0250897
0.0279248
0.0279611
0.0303596
0.0244908
0.0427836
0.024556
0.0349402
0.038448
0.0255105
0.0289317
0.0657354
0.0289317
0.0526066
0.0534321
0.052256
0.00382333
0.030079
0.0427836
0.028978
0.0279248
0.00304145
0.0447888
0.00686574
0.030072
0.0408342
0.0370928
0.0323936
0.0179864
0.0299374
0.00989495
0.0481429
0.0145352
0.0481429
0.0655877
0.0167897
0.0868932
0.0268237
0.0498157
0.030072
0.0289317
0.0619661
0.0220983
0.0301706
0.0432074
0.00450607
0.0314941
0.0300923
0.0657354
0.0285001
0.00814921
0.0228845
0.0285689
0.0218464
0.0112692
0.0286626
0.0358139
0.0208399
0.0297563
0.0319712
0.00450607
0.0885645
0.00686574
0.0319712
0.0399889
0.0495548
0.00382333
0.0279939
0.0679895
0.00256395
0.030072
0.0274258
0.0286626
0.0134778
0.027609
0.0412983
0.0482347
0.0494863
0.0358139
0.0206951
0.00619565
0.036593
0.0357681
0.0111917
0.0319712
0.0518147
0.00989495
0.0285689
0.0114658
0.00582585
0.00187236
0.023243
0.0527316
0.0337066
0.00871241
0.0482347
0.0686659
0.0357681
0.00490439
0.029521
0.0287433
0.0349223
0.030072
0.043003
0.030072
0.031551
0.0205492
0.046857
0.0464023
0.030072
0.0474654
0.0608231
0.0285689
0.035973
0.027609
0.00600916
0.0301706
0.0428311
0.0298789
0.0363625
0.0271957
0.0291551
0.0271957
0.0349013
0.030072
0.0208399
0.0445735
0.0285689
0.0285689
0.0370928
0.0457603
0.0299374
0.0172394
0.00804684
0.0354751
0.0285001
0.0287433
0.041959
0.0204431
0.0897792
0.0383993
0.0475625
0.017886
0.017463
0.030072
0.0271199
0.00490439
0.0403706
0.0759255
0.00601399
0.0410919
0.0386943
0.00984275
0.0472948
0.0488711
0.0852181
0.0785859
0.040409
0.021853
0.0546842
0.0293508
0.0868932
0.0119723
0.030072
0.014515
0.014091
0.0630968
0.00919951
0.0774387
0.0289317
0.0285001
0.0234513
0.0261008
0.0438588
0.0395564
0.0255105
0.00601399
0.0667604
0.0341803
0.0255105
0.0432074
0.0341803
0.0285001
0.030072
0.021853
0.00368577
0.0228845
0.0279611
0.0568609
0.0229332
0.0285689
0.0608097
0.0303596
0.031551
0.017886
0.00249012
0.0576898
0.0268795
0.0318036
0.0263205
0.00304145
0.0523367
0.0370928
0.0287433
0.0031293
0.0289317
0.0183639
0.0506576
0.0271957
0.0495058
0.0216808
0.0470296
0.00382333
0.031912
0.0357678
0.0429986
0.0578039
0.0134778
0.0370928
0.026651
0.0350118
0.00708944
0.059748
0.030072
0.0333999
0.0285689
0.0112729
0.0198458
0.051749
0.0817766
0.0179638
0.000425979
0.030072
0.0145352
0.0285689
0.0286626
0.00912577
0.0358139
0.0481429
0.0160423
0.0328252
0.0269812
0.028752
0.0289317
0.00431406
0.0207551
0.030072
0.0914617
0.0289317
0.0225586
0.000425979
0.0192454
0.021796
0.0392337
0.017886
0.0785859
0.00450607
0.0285689
0.0420154
0.0409929
0.0141461
0.00368577
0.00187236
0.0220844
0.0197836
0.034239
0.0713872
0.0289317
0.0111917
0.0289317
0.0220844
0.0319712
0.0181144
0.0179638
0.027609
0.0257372
0.0301706
0.0260375
0.0218878
0.034239
0.0619661
0.0114204
0.0481429
0.0244475
0.0260375
0.0304975
0.0481977
0.0336841
0.0285001
0.0415892
0.0285001
0.0279611
0.0261654
0.0733217
0.0213753
0.0211326
0.0546842
0.0427836
0.0398856
0.0279611
0.0481429
0.0303596
0.000425979
0.054363
0.0311297
0.0289317
0.0103502
0.0145125
0.0285689
0.00382333
0.0192454
0.0204431
0.0164695
0.0311297
0.0194897
0.0187898
0.0341803
0.0608591
0.00683612
0.026651
0.030072
0.0524458
0.027609
0.0665727
0.00751868
0.030072
0.0481429
0.0452581
0.0119412
0.0285689
0.00867528
0.0183199
0.00581098
0.0218878
0.0289317
0.0524763
0.00444371
0.0285689
0.0247903
0.00912577
0.0354682
0.017463
0.0774387
0.0285689
0.027609
0.0198533
0.0287433
0.034239
0.043943
0.0247903
0.0285001
0.0279248
0.0774387
0.0272833
0.0410127
0.0774387
0.046185
0.0342214
0.0286626
0.0435805
0.0308117
0.0343837
0.0271957
0.0328839
0.0578124
0.0768392
0.017463
0.0211326
0.052256
0.0495548
0.0289317
0.00457656
0.0854852
0.0383295
0.030072
0.040409
0.00837684
0.00249012
0.0183293
0.0289317
0.0198533
0.0340481
0.0688194
0.0244612
0.0204431
0.0741993
0.0285689
0.038448
0.0359255
0.0414191
0.0452504
0.0328143
0.0261008
0.0271957
0.030072
0.0285689
0.0212382
0.0203387
0.0134778
0.0373634
0.0183765
0.030079
0.0253082
0.0343837
0.0351661
0.0279611
0.0287433
0.0285689
0.0285689
0.0233434
0.0427836
0.0301706
0.056974
0.029521
0.00980073
0.053051
0.0116035
0.0354682
0.0496664
0.0419805
0.015452
0.00769997
0.00854868
0.0495548
0.0944518
0.0164695
0.0160423
0.030072
0.00380546
0.00434743
0.0134778
0.00769997
0.030072
0.0333999
0.0495548
0.0289317
0.00271261
0.00450607
0.0261008
0.0289317
0.0286626
0.015452
0.017463
0.0453011
0.034239
0.0285001
0.00989495
0.0181262
0.0334379
0.0369508
0.0419107
0.0230876
0.0285689
0.0285689
0.0319712
0.0686659
0.0285001
0.0752841
0.0289317
0.0149162
0.0774387
0.0285689
0.0346465
0.031551
0.0134778
0.0415892
0.0519196
0.0269283
0.0373634
0.014091
0.0287433
0.000751019
0.028978
0.00989495
0.030072
0.065094
0.0380688
0.034239
0.00249012
0.0289484
0.0197448
0.0380657
0.0285689
0.0285689
0.0287433
0.0255105
0.0287433
0.0205519
0.00450607
0.0183639
0.00512642
0.0388268
0.00601399
0.0289317
0.030072
0.0839085
0.0270521
0.014515
0.0374666
0.00708944
0.031551
0.0370928
0.00984275
0.0289317
0.0279611
0.0394371
0.0319712
0.017463
0.0271957
0.0483956
0.0289317
0.0289317
0.044614
0.0206883
0.031551
0.0178979
0.0271957
0.0112729
0.0271957
0.0251708
0.0625406
0.017886
0.0289317
0.0319712
0.0368003
0.038448
0.00724018
0.0412983
0.0134778
0.0289317
8.83341e-05
0.00257003
0.0480003
0.0319712
0.0476654
0.0247903
0.0568502
0.030072
0.097842
0.0321078
0.0560557
0.0667604
0.0255105
0.0565835
0.0354682
0.0204431
0.0294687
0.062406
0.0215907
0.0385124
0.0510422
0.0574256
0.0359594
0.0104809
0.0285689
0.00523239
0.0289317
0.0289317
0.00769997
0.0164695
0.0285001
0.00196272
0.0285689
0.0463358
0.0287399
0.00195682
0.0481523
0.000928283
0.0321078
0.0357681
0.0213753
0.07225
0.030072
0.0255105
0.0160423
0.0094462
0.0287433
0.00567287
0.00195682
0.0204431
0.0287399
0.0247903
0.027609
0.0619661
0.00382333
0.0229899
0.043238
0.0402821
0.0307562
0.0422502
0.00192153
0.00601399
0.000425979
0.0349864
0.0533489
0.0279611
0.0434733
0.00501516
0.0058043
0.0183639
0.0287433
0.0804519
0.0151858
0.0342214
0.0348964
0.0285689
0.0495548
0.0285689
0.0285689
0.0257372
0.00915354
0.0354682
0.00980073
0.053232
0.0358871
0.0271957
0.031551
0.0285689
0.0481429
0.0218464
0.0145352
0.0468938
0.0289317
0.0495548
0.0482662
0.0208369
0.00989495
0.0114204
0.0733217
0.0613044
0.0268237
0.00989495
0.0362604
0.0135781
0.00490439
0.0500804
0.0341115
0.0134778
0.0289317
0.00667721
0.030072
0.07225
0.0279939
0.017076
0.0314941
0.0164695
0.0350063
0.0791884
0.0233434
0.0204882
0.0144147
0.0206951
0.049852
0.0339439
0.0421891
0.0381803
0.0452977
0.0506451
0.0507481
0.0368786
0.014218
0.0285689
0.0546558
0.045013
0.0380657
0.0290848
0.000751019
0.0669967
0.00601399
0.031551
0.0429978
0.0289317
0.043238
0.030072
0.00600916
0.0287433
0.014515
0.00817928
0.0218878
0.0854176
0.0703306
0.0619661
0.0371419
0.0285689
0.0742368
0.0110524
0.0400504
0.0482347
0.00804684
0.0289317
0.00919951
0.0287399
0.00512642
0.0277833
0.0345489
0.020154
0.0474423
0.0370928
0.0318036
0.0192454
0.030072
0.0303596
0.0257424
0.00501516
0.049881
0.0198533
0.0340474
0.00249012
0.0279939
0.0323936
0.0626047
0.0269812
0.030072
0.0187451
0.0271957
0.0218464
0.0126173
0.0752841
0.043126
0.0307562
0.0287433
0.0218464
0.0229919
0.0279611
0.0503538
0.00461549
0.0285001
0.0427836
0.0282436
0.0399889
0.000649571
0.022951
0.0321078
0.0415403
0.00804684
0.00382333
0.0340474
0.00693649
0.0211326
0.031782
0.0868932
0.00919951
0.034239
0.0593173
0.0675712
0.0619661
0.049852
0.0340474
0.0880065
0.020956
0.0218464
0.0255105
0.0321759
0.0774387
0.0428028
0.030072
0.00382333
0.0401317
0.051129
0.014515
0.0134778
0.0181262
0.0433616
0.034239
0.0301948
0.0462953
0.0403706
0.0279611
0.043238
0.0285689
0.0546855
0.0213753
0.00133079
0.0657354
0.0204882
0.0271957
0.0463358
0.0379693
0.0415712
0.0271957
0.00239813
0.00187236
0.0368985
0.0467907
0.0619661
0.0255105
0.00490439
0.00239813
0.014515
0.0578039
0.0297239
0.0223427
0.0427895
0.0644359
0.0424824
0.031551
0.00823504
0.0121978
0.016176
0.00532758
0.0271957
0.021853
0.0287399
0.00232033
0.0285689
0.017463
0.030072
0.00271261
0.013462
0.028123
0.0310414
0.0462029
0.00929153
0.0261008
0.0565904
0.034239
0.0426194
0.0285689
0.0340474
0.0358139
0.048775
0.0198418
0.0847975
0.000425979
0.0271957
0.0289317
0.0568609
0.0337749
0.0465721
0.0340474
0.0433616
0.0387515
0.0289317
0.0287433
0.082739
0.0503694
0.036474
0.0400197
0.0119412
0.0785084
0.0544575
0.00315112
0.0301776
0.0361003
0.0303596
0.0285689
0.0285001
0.0619661
0.0319712
0.0412983
0.0285689
0.0321078
0.0534321
0.00271261
0.0174407
0.0792474
0.0293697
0.0459919
0.0297563
0.0317894
0.0294806
0.0803834
0.00450607
0.0228821
0.0333999
0.043384
0.0427836
0.0271957
0.0496189
0.0286626
0.0679895
0.0285689
0.081565
0.017886
0.0747502
0.030072
0.0350118
0.0347026
0.030072
0.0218464
0.018411
0.0271957
0.028978
0.0422502
0.0464914
0.028556
0.00196272
0.030072
0.0336459
0.0340474
0.082251
0.0289317
0.0261008
0.015452
0.017463
0.0134778
0.0343759
0.0299374
0.0135342
0.0165296
0.0342214
0.0049594
0.0399889
0.0539651
0.021853
0.00708944
0.0271957
0.054031
0.0594737
0.0303596
0.0263059
0.017463
0.0704049
0.0484234
0.031551
0.0351464
0.0323936
0.0358139
0.0335926
0.0178953
0.0271957
0.0451122
0.0310911
0.0458858
0.0349013
0.043943
0.0401906
0.0457155
0.0204432
0.0311297
0.0285689
0.0147194
0.030072
0.0145352
0.0134778
0.0454178
0.00619565
0.00804684
0.0111917
0.0183639
0.0104029
0.0162807
0.0285689
0.0361748
0.0311297
0.0173267
0.0338836
0.0155458
0.031551
0.0321078
0.0204431
0.0350118
0.026651
0.031551
0.0393151
0.0565904
0.019292
0.0527316
0.0356258
0.00567287
0.0496189
0.0133587
4.38094e-05
0.0427836
0.091689
0.043238
0.0286626
0.0376527
0.069971
0.0208369
0.0391695
0.0401116
0.0534455
0.027609
0.0476162
0.0177854
0.030072
0.0289317
0.0289317
0.0427836
0.0285689
0.0255105
0.0227324
0.021853
0.0435805
0.00686574
0.0578124
0.0385972
0.0297563
0.0162909
0.0289317
0.0279611
0.0285689
0.030072
0.0343759
0.0271957
0.024556
0.0198562
0.0371425
0.0383462
0.0220844
0.0126733
0.0344191
0.0716644
0.0361003
0.082739
0.0417074
0.0297563
0.0285001
0.0474546
0.0271957
0.0310808
0.0271957
0.0345489
0.0270663
0.0119412
0.046185
0.0481429
0.0333999
0.0524599
0.0159052
0.0211326
0.0540094
0.0649527
0.031551
0.043003
0.0287399
0.0289317
0.00271261
0.043238
0.043238
0.075652
0.07225
0.0619661
0.0503538
0.0351661
0.0285001
0.053696
0.0410127
0.0141527
0.0498071
0.0382565
0.0524763
0.0730532
0.0279611
0.0188053
0.0319712
0.01542
0.0255105
0.0340474
0.0600594
0.0297563
0.0894272
0.021853
0.0701819
0.0619661
0.0111157
0.0271957
0.0164695
0.0289317
0.0159374
0.0385241
0.0427895
0.0179638
0.0180207
0.0860569
0.0271957
0.0119692
0.0297563
0.0286626
0.018411
0.0432723
0.0124692
0.0432074
0.0476162
0.0181359
0.0204882
0.0370928
0.0230716
0.00382333
0.0364439
0.021853
0.0285001
0.0145352
0.00523239
0.0398856
0.044917
0.0013904
0.00196272
0.0374666
0.0319712
0.0406076
0.00804684
0.0481429
0.0704049
0.0126733
0.0686564
0.0287433
0.0464714
0.0258177
0.0189046
0.0372536
0.0165296
0.0845049
0.0181262
0.00304258
0.0285689
0.0497943
0.0173151
0.0289317
0.021853
0.0752585
0.0303596
0.017463
0.0289317
0.0211809
0.0303596
0.0261008
0.082251
0.030072
0.00382333
0.021853
0.030079
0.0279611
0.0415712
0.0166671
0.0663546
0.0297563
0.0286626
0.049692
0.0233434
0.0380657
0.0314941
0.0524763
0.00767779
0.00808361
0.0019905
0.0340474
0.0383462
0.023243
0.0524763
0.0410921
0.0271957
0.030072
0.014091
0.0546855
0.0280432
0.0356709
0.0285001
0.0271957
0.0204431
0.0289317
0.0301948
0.026651
0.000390232
0.0242328
0.0398681
0.0285689
0.0319712
0.0125751
0.0134778
0.00293207
0.0289317
0.0257424
0.0287433
0.00601399
0.0300923
0.00490224
0.0294707
0.0134778
0.030072
0.0218464
0.0303596
0.0345489
0.0370928
0.025438
0.0358139
0.0508437
0.00382333
0.0349013
0.00804684
0.0358139
0.0446393
0.0289317
0.0351661
0.0289317
0.00769997
0.0285689
0.0285689
0.0287399
0.0119692
0.0345489
0.0285001
0.0261008
0.049881
0.017463
0.0287433
0.014515
0.0319712
0.069971
0.030072
0.0358139
0.0383764
0.0271957
0.0795081
0.030072
0.0427836
0.0297563
0.0469653
0.03961
0.0247903
0.0218788
0.0297563
0.0358139
0.0271957
0.0220844
0.029521
0.0279611
0.043126
0.015452
0.0205492
0.00550973
0.0197448
0.00382333
0.0285689
0.0070627
0.030072
0.0375242
0.043223
0.0765205
0.0286626
0.0578401
0.00919951
0.0356769
0.0068403
0.0846944
0.0285396
0.0321078
0.0198566
0.0215907
0.0619661
0.0351661
0.0303596
0.0287433
0.00315112
0.0458858
0.0304975
0.0271957
0.0208369
0.0161023
0.0380657
0.0263205
0.074059
0.0593173
0.0257372
0.0289317
0.0340796
0.0420154
0.0375242
0.0319712
0.0156928
0.0379428
0.0289317
0.0345489
0.00352618
0.0378935
0.0294806
0.0289317
0.0427836
0.0581592
0.0149162
0.0313034
0.00328805
0.0370928
0.0289317
0.0699157
0.00915354
0.0261008
0.0287399
0.0429986
0.0429986
0.0118981
0.00392133
0.0481429
0.0211326
0.0890922
0.0328839
0.00929153
0.045013
0.0419107
0.0495548
0.0794023
0.0285001
0.0394883
0.0394883
0.0413798
0.0161192
0.0258225
0.0299374
0.000425979
0.0502078
0.0285689
0.0287433
0.0641091
0.030072
0.013733
0.0271957
0.0289317
0.0454178
0.0290184
0.0456786
0.0649527
0.017886
0.0336459
0.0733217
0.0580716
0.0333999
0.0350118
0.0527916
0.0458035
0.0208369
0.0321078
0.0524763
0.0394018
0.031551
0.0351661
0.0286626
0.0431296
0.0452887
0.07225
0.0289317
0.026651
0.0268144
0.0228845
0.0183639
0.0476162
0.031551
0.0289317
0.0286626
0.0633226
0.0100804
0.00249012
0.00701837
0.026651
0.0289317
0.0289317
0.030072
0.017886
0.0321078
0.0440785
0.030072
0.0285689
0.0287433
0.0183639
0.00980073
0.049852
0.0134778
0.0137516
0.0406344
0.0669724
0.030072
0.0287433
0.01871
0.0188735
0.0247903
0.0500362
0.0208399
0.0271957
0.0285689
0.0501308
0.030072
0.0285001
0.0285001
0.0100272
0.000747263
0.0192454
0.0183639
0.0293415
0.00249012
0.0218878
0.0119692
0.0289317
0.0358139
0.0227038
0.0124692
0.0319712
0.0279611
0.030072
0.0489331
0.0287433
0.0285689
0.0198458
0.0285001
0.0258177
0.0530968
0.0145352
0.0270663
0.0501982
0.00858968
0.0351661
0.0211326
0.0211511
0.0518147
0.030072
0.030072
0.030072
0.0482054
0.0350063
0.017463
0.0792474
0.0481429
0.00919951
0.0494863
0.0285001
0.030072
0.030072
0.0271957
0.0370928
0.0303596
0.00490439
0.0784785
0.038448
0.0197836
0.030072
0.016176
0.0540094
0.0608055
0.00804684
0.0810404
0.0285689
0.031551
0.030072
0.0701819
0.0889279
0.0268338
0.0218878
0.030072
0.0805878
0.0285689
0.0112729
0.0303596
0.030072
0.040409
0.0297239
0.0358139
0.0297563
0.00804684
0.030072
0.00627327
0.0467582
0.0345489
0.0774387
0.0218464
0.0627215
0.00118414
0.0289317
0.00326794
0.00249012
0.0250632
0.0161192
0.0456741
0.031551
0.0319712
0.0414853
0.0145125
0.00382333
0.0387515
0.0218878
0.0413477
0.0289317
0.0819345
0.043238
0.0271957
0.00989495
0.034239
0.0856976
0.029521
0.0701819
0.0180207
0.0285689
0.00984275
0.0263205
0.0285689
0.0474654
0.0289317
0.027609
0.0339248
0.0271957
0.027609
0.00980073
0.00804684
0.0412983
0.0668722
0.0227324
0.0524763
0.0287433
0.0255962
0.044971
0.0447401
0.0454178
0.0449753
0.0271957
0.0247903
0.0218878
0.00804684
0.0211511
0.0852181
0.016176
0.030072
0.0286626
0.0289317
0.0311297
0.0351661
0.00232033
0.0249617
0.0527916
0.017886
0.0137516
0.00086385
0.030072
0.0286626
0.030072
0.0278934
0.015452
0.0279611
0.00256395
0.0481429
0.0381377
0.0285001
0.0199753
0.030072
0.0247903
0.0358139
0.0137516
0.0270663
0.0368786
0.0354751
0.0271957
0.0568609
0.0442131
0.000425979
0.00382333
0.0507643
0.0110524
0.0242328
0.0299374
0.0211326
0.033593
0.0293415
0.00249012
0.0679191
0.0271957
0.0491553
0.0489331
0.0137516
0.0467574
0.0401317
0.0271957
0.0774387
0.0463358
0.0340474
0.0227038
0.030072
0.030414
0.0526391
0.0250897
0.0302643
0.00989495
0.0274256
0.0321078
0.00249012
1.5378e-05
0.00450607
0.049852
0.0243455
0.0877935
0.0258177
0.0134778
0.00915354
0.0179864
0.00431406
0.0733217
0.0427836
0.035346
0.0533489
0.0271957
0.0289317
0.00501516
0.0255104
0.0383764
0.00567645
0.0481977
0.0321738
0.0220844
0.0261008
0.0286626
0.0271957
0.030072
0.0594737
0.0481429
0.0287433
0.0524763
0.00304145
0.0482347
0.0289317
0.0206951
0.0223427
0.0380657
0.0242328
0.0183639
0.0228561
0.00451189
0.0303596
0.0784785
0.0271957
0.030072
0.0255962
0.0279248
0.07225
0.0294707
0.0774387
0.0505189
0.042537
0.027705
0.030072
0.0115324
0.026651
0.026765
0.0115324
0.0524763
0.0134778
0.0358139
4.38094e-05
0.0294467
0.0287433
0.0336841
0.0289317
0.0294467
0.0289317
0.0271957
0.0112729
0.0730532
0.030072
0.0707911
0.00915354
0.00427103
0.0774387
0.034239
0.0258177
0.0337749
0.0422502
0.0452887
0.0427836
0.046185
0.0944518
0.0289317
0.047889
0.0177854
0.0495058
0.0271957
0.0215907
0.0285689
0.0314941
0.00232033
0.0359928
0.00019592
0.0890805
0.0839085
0.0469189
0.030072
0.0271957
0.0314941
0.028978
0.0285689
0.0401938
0.0384335
0.0261008
0.043003
0.00118414
0.0733217
0.00382333
0.00133079
0.0381377
0.0218878
0.0274479
0.00619565
0.0297239
0.0334379
0.0271957
0.0285001
0.0263205
0.040355
0.0391923
0.0119692
0.0289317
0.00382333
0.0297563
0.0482054
0.00407587
0.0208369
0.016176
0.000425979
0.030072
0.0794023
0.00779986
0.0279611
0.0297563
0.031551
0.0341803
0.0119723
0.0543314
0.0271957
0.0410127
0.00086385
0.031551
0.0213753
0.030072
0.0247903
0.04564
0.0816931
0.030072
0.014091
0.0457155
0.0271957
0.0423303
0.00919951
0.0271957
0.0811823
0.030072
0.00831926
0.00601399
0.0341803
0.0230876
0.0285689
0.051749
0.0268338
0.030072
0.0289317
0.029521
0.0333999
0.0285689
0.0319712
0.026651
0.0204647
0.030072
0.00148988
0.0358139
0.0206951
0.0416297
0.0124692
0.00860545
0.0289317
0.00601399
0.0274258
0.023137
0.0164695
0.0551489
0.0160423
0.0121543
0.0287433
0.0269812
0.07225
0.0180539
0.0443322
0.0137516
0.0325774
0.0297563
0.082251
0.0491774
0.040409
0.0450718
0.00315112
0.0204431
0.00512232
0.0271957
0.0289317
0.0285689
0.065767
0.0349013
0.0167934
0.0333206
0.0289317
0.0303596
0.00342232
0.0303596
0.030196
0.0701541
0.0427836
0.0789093
0.0367137
0.0271957
0.030079
0.0649527
0.0385241
0.0553191
0.0737263
0.0289317
0.0285689
0.0275061
0.0310907
0.030072
0.0179638
0.0289317
0.0415712
0.030072
0.0287433
0.0287399
0.0251708
0.0349013
0.00600916
0.0137516
0.030072
0.000390232
0.0350063
0.0297563
0.00382333
0.0299374
0.030072
0.0279248
0.0370928
0.0119755
0.0417074
0.049881
0.034239
0.00249012
0.0458492
0.078132
0.0670511
0.051129
0.030072
0.0294467
0.00582585
0.031551
0.0469653
0.0333999
0.0289317
0.057554
0.0285689
0.046857
0.055277
0.017463
0.0473355
0.065854
0.0482662
0.00293207
0.0358139
0.0247903
0.030072
0.0359777
0.0287399
0.0215659
0.043223
0.0416297
0.0155392
0.0287433
0.0482347
0.0287399
0.0178979
0.0339476
0.0845049
0.0200322
0.0358139
0.0271957
0.0364439
0.0166671
0.0287433
0.0299374
0.030072
0.00628018
0.0297114
0.014515
0.0049957
0.0540094
0.030072
0.019434
0.0279611
0.0119692
0.0303596
0.0512207
0.0271957
0.0149606
0.0247903
0.0474546
0.0449859
0.0297563
0.0271957
0.031551
0.030072
0.0299374
0.0319712
0.0358871
0.00581098
0.0287433
0.0388268
0.0218464
0.030072
0.0349013
0.0309796
0.0503538
0.0774387
0.0735341
0.0289317
0.0294806
0.0113177
0.030072
0.0279611
0.0197297
0.00980073
0.00315112
0.027029
0.0189046
0.0297576
0.00601399
0.0285689
0.00769997
0.0806788
0.0287433
0.0251708
0.0157607
0.0314941
0.0103502
0.0203722
0.0227388
0.0289317
0.0487229
0.0314941
0.0140128
0.017886
0.0289317
0.030072
0.00368816
0.0289317
0.028123
0.0261008
0.00382333
0.0134778
0.00249012
0.0271957
0.0384561
0.066576
0.036593
0.0393438
0.0333999
0.0149162
0.0433339
0.0180539
0.097842
0.0279248
0.0255105
0.00352266
0.00711638
0.0271957
0.0289317
0.00601399
0.0286626
0.0255105
0.0713566
0.0338836
0.0255104
0.0061475
0.0134778
0.0370807
0.0739673
0.0181144
0.0281291
0.0358139
0.0499525
0.0273432
0.030196
0.0134778
0.0289484
0.050332
0.039043
0.0399142
0.0299374
0.0303121
0.0207634
0.0192454
0.0167934
0.031551
0.082739
0.0164695
0.0185189
0.0794023
0.028123
0.0340474
0.0774387
0.0287433
0.076737
0.00601399
0.0467907
0.0350063
0.0774387
0.0383993
0.0142937
0.0339439
0.0845049
0.0619661
0.0276824
0.0414853
0.0257372
0.0375242
0.0427836
0.0198533
0.017463
0.00769997
0.0142766
0.0323936
0.00871241
0.0461606
0.0285689
0.0289317
0.0212177
0.0686659
0.030072
0.0643431
0.0229332
0.0468284
0.0319712
0.0218464
0.00963923
0.0442979
0.0673119
0.0763898
0.0774387
0.00582585
0.0880065
0.0205344
0.0419899
0.036492
0.0279611
0.0350197
0.030072
0.0289317
0.00490439
0.0183639
0.0171333
0.0447401
0.0644359
0.0299374
0.0297563
0.0215907
0.0472593
0.0271957
0.0166671
0.0137516
0.0179638
0.028556
0.0371075
0.0271957
0.0392337
0.031551
0.0371425
0.0524458
0.0232023
0.0134778
0.00701837
0.0137516
0.0603568
0.0197297
0.0124113
0.0261008
0.0303596
0.0145352
0.0285336
0.014515
0.0644359
0.0321078
0.0218464
0.0285001
0.032529
0.0260904
0.00216228
0.0303596
0.0542061
0.014515
0.0560557
0.0644359
0.0297563
0.043238
0.0271957
0.0233434
0.0281291
0.0271957
0.0297563
0.00860338
0.0426207
0.0227324
0.040409
0.0145352
0.00789136
0.0297563
0.0822334
0.0375242
0.0211326
0.00382333
0.0854852
0.0285689
0.00804684
0.0279611
0.00186583
0.0310066
0.0565904
0.0172963
0.0287433
0.00382333
0.0271957
0.010171
0.036492
0.00600916
0.00249012
0.017886
0.030072
0.0238902
0.0512207
0.0600594
0.0167588
0.0370928
0.0289317
0.0325649
0.0271957
0.0123885
0.0481429
0.0289317
0.0403706
0.0197836
0.0286626
0.030072
0.0093528
0.07225
0.000390232
0.0297563
0.0410127
0.0134778
0.00249012
0.030072
0.0285001
0.0374666
0.00315112
0.030072
0.0516942
0.0218464
0.030072
0.0285689
0.000736997
0.0219549
0.0285689
0.0160423
0.0794023
0.0167934
0.00919951
0.0287433
0.0398607
0.0433616
0.0156928
0.00601399
0.0427836
0.0427836
0.00907117
0.0341115
0.0290184
0.0333999
0.0354682
0.054363
0.0286626
0.0593173
0.0286626
0.0183639
0.0368123
0.0534075
0.0282436
0.0310718
0.0358139
0.00431406
0.0447888
0.00769997
0.0529763
0.030072
0.0619661
0.043238
0.0198533
0.0285689
0.0286626
0.0468099
0.0521192
0.00867528
0.030072
0.00989495
0.027609
0.0546855
0.040656
0.0342214
0.0414853
0.0420154
0.0299374
0.00501516
0.048432
0.00989495
0.0338836
0.0495009
0.0255104
0.0401116
0.0481429
0.0289317
0.0244908
0.0416297
0.030072
0.0246457
0.0367137
0.0357681
0.0289317
0.0804519
0.0358139
0.0465257
0.0285689
0.054363
0.0206951
0.0134778
0.030072
0.0183639
0.0496664
0.0524763
0.08029
0.0213753
0.0206951
0.0247903
0.0464023
0.0467582
0.0211326
0.0491553
0.0209649
0.091689
0.0370928
0.030072
0.043003
0.0097056
0.030072
0.0753267
0.0574256
0.0134778
0.0314941
0.030072
0.0394136
0.0287399
0.0402774
0.0287433
0.00086385
0.0548036
0.0319712
0.0371425
0.0207945
0.0617159
0.0304975
0.0261654
0.036474
0.0451899
0.0261713
0.0540633
0.0804519
0.0497218
0.0371008
0.0347972
0.0134778
0.0261008
0.0289317
0.0381377
0.0285001
0.0465721
0.0285689
0.0289317
0.0173267
0.00755996
0.0269035
0.0457155
0.038448
0.00490439
0.0357681
0.0454696
0.00550973
0.0300239
0.030072
0.0285001
0.0507748
0.0407089
0.0358139
0.030072
0.014218
0.0134778
0.0629757
0.0356709
0.0314941
0.0289317
0.0261008
0.0211326
0.0287433
0.07225
0.0345939
0.0319712
0.0234513
0.0534075
0.014515
0.0354682
0.0821828
0.0247903
0.0524763
0.00304258
0.0255105
0.0341466
0.0555351
0.0205344
0.0255105
0.0340481
0.031551
0.07225
0.0134778
0.0481429
0.00601399
0.0271957
0.0289317
0.0228845
0.0727313
0.00989495
0.0357681
0.0297563
0.0179638
0.0848918
0.0370928
0.0502078
0.0289317
0.0354682
0.0860569
0.0371633
0.0271957
0.0279611
0.00249012
0.0458858
0.0145352
0.027609
0.0134778
0.0271957
0.000747263
0.0314941
0.0501308
0.0118981
0.015452
4.38094e-05
0.0520748
0.0297563
0.017463
0.0167588
0.0371419
0.0357681
0.034239
0.00804684
0.0285689
0.0303596
0.0297563
0.0860569
0.0289317
0.0269812
0.00148988
0.0165296
0.0327882
0.0452887
0.0354682
0.0585158
0.00638717
0.00769997
0.0364439
0.00581098
0.0354682
0.0286626
0.0254412
0.0340474
0.0317537
0.00249012
0.0134778
0.0215907
0.0271957
0.0774387
0.0496664
0.0138303
0.0385241
0.0119692
0.0354682
0.0481429
0.0774387
0.0199753
0.00249012
0.0501984
0.0255105
0.00382333
0.030072
0.0129836
0.0184833
0.048775
0.00919951
0.0351661
0.0289317
0.0290866
0.0305405
0.0927472
0.0927472
0.0657354
0.0257372
0.00601399
0.0289317
8.83341e-05
0.0657354
0.031551
0.0115324
0.00619565
0.0354682
0.0402131
0.0206951
0.0309204
0.0457155
0.0733217
0.0297239
0.00755996
0.0877935
0.0218464
0.0378935
0.030072
0.0619661
0.0644359
0.0386943
0.0644359
0.0287399
0.00450607
0.00184673
0.0467582
0.0287433
0.0578461
0.030072
0.0458035
0.0289317
0.0631012
0.000425979
0.0321078
0.0248282
0.0271957
0.0287433
0.0321078
0.0230876
0.0336459
0.0547426
0.0068403
0.0289317
0.00808361
0.0328252
0.051716
0.0804519
0.0255105
0.0254412
0.053051
0.00256395
0.07225
0.0442979
0.00501516
0.0358139
0.0451533
0.020154
0.043238
0.0449753
0.0181262
0.0457155
0.0380463
0.0372536
0.030072
0.0350063
0.0400251
0.0481429
0.0287433
0.016176
0.039043
0.0289317
0.0319712
0.0271957
0.055277
0.0285689
0.0271957
0.0167934
0.0268326
0.0370598
0.0524763
0.0619661
0.0299374
0.0285001
0.0285689
0.0394883
0.0213724
0.00989495
0.0145352
0.0285001
0.0319712
0.0285689
0.0341285
0.0303596
0.00601399
0.0524763
0.00804684
0.0412237
0.017463
0.0358139
0.055277
0.034239
0.0411134
0.0278922
0.0299374
0.0255105
0.0218464
0.0271957
0.023137
0.0294675
0.0619661
0.0134778
0.030072
0.0211326
0.0293149
0.0168685
0.034239
0.0285689
0.0524763
0.091689
0.0215907
0.0774387
0.0198533
0.0372536
0.0370928
0.0362603
0.0289317
0.0345489
0.00273371
0.0467907
0.0289317
0.030072
0.0255105
0.0219549
0.0155392
0.0294707
0.030072
0.0142766
0.0629757
0.030072
0.0641091
0.0433616
0.00249012
0.0049957
0.0632463
0.0183639
0.0281291
0.024556
0.0359928
0.0454178
0.0183531
0.0192454
0.0287433
0.0341803
0.0286626
0.031551
0.0325649
0.0566923
0.0304975
0.030072
0.0293508
0.0403706
0.0247903
0.000885248
0.0019905
0.0327512
0.0289317
0.0305821
0.0200372
0.0171692
0.0269035
0.0291637
0.0453011
0.0137516
0.0584481
0.0304052
0.0198533
0.0247903
0.031551
0.0227324
0.0271957
0.0160423
0.00328805
0.0289317
0.030072
0.00559705
0.0774387
0.0299374
0.0314941
0.0289317
0.0197095
0.0179638
0.0678739
0.076737
0.00989495
0.030072
0.0242328
0.00271261
0.08029
0.0356258
0.000390232
0.0293415
0.0019905
0.0379817
0.0358139
0.0464023
0.030072
0.0382801
0.0845049
0.00232033
0.0447617
0.0271957
0.00711638
0.014515
0.0289317
0.0321738
0.0399142
0.0317894
0.0413034
0.0134778
0.0218464
0.0524763
0.0913273
0.0119412
0.030072
0.0518287
0.000425979
0.0285001
0.0258177
0.0198562
0.0287399
0.0481429
0.0277833
0.0137516
0.0341803
0.0845049
0.030072
0.0279611
0.0227388
0.0516399
0.030072
0.0340474
0.0354682
0.0218464
0.00347263
0.0620833
0.0287433
0.0206951
0.030072
0.0799777
0.017463
0.016176
0.0141527
0.0794023
0.0319712
0.030072
0.00365794
0.000425979
0.0285689
0.0160423
0.0271957
0.0297563
0.031551
0.0557331
0.030072
0.0370928
0.0166671
0.026651
0.0289317
0.0289317
0.0178953
0.0161685
0.0179864
0.0271957
0.0321078
0.0350063
0.0667604
0.0780324
0.00597113
0.0358139
0.0191526
0.0297563
0.0285689
0.0134778
0.0402774
0.0289317
0.0336602
0.0428311
0.0207551
0.0328252
0.0178953
0.0218464
0.0168685
0.0358139
0.0142766
0.0353941
0.0622413
0.0174407
0.0362604
0.026651
0.0565835
0.055277
0.0125051
0.00385672
0.049881
0.0340474
0.0289317
0.0501308
0.0319712
0.0358139
0.0371022
0.0669724
0.0361914
0.0885645
0.0255105
0.0281291
0.00741225
0.0293415
0.00767779
0.026651
0.0289317
0.000425979
0.0287433
0.0287433
0.00769997
0.0358871
0.021853
0.0115324
0.0774387
0.0387515
0.0254753
0.00922871
0.0491774
0.0885645
0.025238
0.017463
0.00382333
0.054363
0.00907117
0.0257619
0.00382333
0.0287433
0.00382333
0.034239
0.0271957
0.00271261
0.0445735
0.028123
0.0205344
0.0427836
0.0289317
0.0374666
0.0350063
0.0816576
0.0410127
0.0218539
0.00804684
0.0376033
0.0271957
0.0657354
0.0394883
0.0271957
0.0319712
0.0297563
0.0421658
0.0508437
0.0524763
0.0287433
0.0279939
0.00980073
0.0289484
0.0208369
0.0491703
0.0285001
0.030072
0.0470456
0.0119692
0.0491965
0.0257372
0.0247903
0.0145352
0.0427836
0.0966893
0.0255105
0.0321078
0.030072
0.0774387
0.0118981
0.0481429
0.0210325
0.0228912
0.0600594
0.0619661
0.0476654
0.0354682
0.0144147
0.0506451
0.030072
0.0106707
0.0464545
0.00349203
0.0427836
0.0285689
0.031551
0.0198533
0.0285689
0.0427836
0.0134778
0.00980073
0.0534075
0.0297563
0.0370928
0.0319712
0.0354682
0.0285689
0.027609
0.040656
0.0665958
0.0279611
0.0880065
0.0416297
0.0197847
0.043867
0.0287433
0.030079
0.0358139
0.0352544
0.00804684
0.00256395
0.0434103
0.0370928
0.0354682
0.00380546
0.031551
0.0247903
0.0358871
0.0289275
0.00601399
0.0413477
0.0368123
0.0282267
0.0479022
0.00291342
0.030072
0.0166671
0.0257192
0.0257192
0.0287433
0.0358139
0.0846944
0.0192454
0.0287399
0.0789093
0.0459982
0.030072
0.0693169
0.0599436
0.0524763
0.0289317
0.0137516
0.0452805
0.00249012
0.0302893
0.0541512
0.0271957
0.0361748
0.028123
0.054363
0.0747502
0.0285689
0.0183639
0.0745229
0.0600594
0.00755996
0.0218878
0.0317894
0.0208369
0.0279611
0.0287399
0.0370928
0.0503538
0.00581098
0.0301706
0.0644359
0.0799777
0.028978
0.0299374
0.0495548
0.0297563
0.00249012
0.0211326
0.0255105
0.0287399
0.0287433
0.00249012
0.0255105
0.0686659
0.0287399
0.0278922
0.0527113
0.0637813
0.0320287
0.00989495
0.0115324
0.0340474
0.0434733
0.000390232
0.0355642
0.0207198
0.0289317
0.0379428
0.0214802
0.0370928
0.0619661
0.0224034
0.0287433
0.0287433
0.00256395
0.0286626
0.0508259
0.0271957
0.00382333
0.0321078
0.0457155
0.0179638
0.0966893
0.0180539
0.091689
0.0341803
0.0399647
0.0285001
0.0577193
0.031551
0.030072
0.0506451
0.0488564
0.0438588
0.049852
0.027609
0.01991
0.021853
0.00187236
0.017886
0.0299374
0.00808361
0.0528308
0.0427836
0.017463
0.038448
0.0481429
0.0272833
0.030072
0.00801992
0.0218878
0.0285689
0.0484064
0.054292
0.0359777
0.0289317
0.0345489
0.0385241
0.0522376
0.0271957
0.00854868
0.0261654
0.0351661
0.0410919
0.0320287
0.0206951
0.0391695
0.0377443
0.091689
0.0663546
0.034239
0.0188735
0.0211326
0.030072
0.0488711
0.00871241
0.0354682
0.0137516
0.0285689
0.0286818
0.07225
0.030072
0.0568609
0.025238
0.0490208
0.0491774
0.0271957
0.0560557
0.014515
0.0307064
0.030072
0.0370928
0.0394883
0.0774387
0.0426207
0.0627043
0.0261008
0.07225
0.0442979
0.0314809
0.0261008
0.0492521
0.0173267
0.0457603
0.0119723
0.0774387
0.0279939
0.0393151
0.044948
0.00293207
0.028264
0.0285001
0.0922727
0.00977582
0.00767779
0.0166671
0.0219549
0.035395
0.0716644
0.0427836
0.0287433
0.0271957
0.0401116
0.030072
0.0560557
0.0828556
0.0319712
0.0880065
0.0208399
0.0069281
0.0171333
0.0600594
0.030072
0.0255105
0.00601399
0.017463
0.00444371
0.082739
0.0287399
0.0286626
0.0486418
0.0372536
0.0328252
0.01871
0.0523374
0.0897792
0.0489014
0.0393438
0.0285001
0.00804684
0.00368816
0.0218539
0.0354682
0.0289317
0.0327951
0.0548036
0.0198458
0.00304258
0.0234513
0.00382333
0.0350118
0.00184673
0.0490208
0.0401116
0.023137
0.000425979
0.0345489
0.0111917
0.0799777
0.0715096
0.030072
0.0535307
0.0198533
0.0481429
0.00581098
0.0416297
0.00576687
0.0289317
0.015452
0.030072
0.0271957
0.0414913
0.0197095
0.0341803
0.0524763
0.0340796
0.0297563
0.0160423
0.0203722
0.0166671
0.0649527
0.0285689
0.00382333
0.0370928
0.00854868
0.0119692
0.0111917
0.0526066
0.031551
0.0489411
0.013733
0.0285689
0.0418465
0.0410882
0.0303596
0.0548036
0.0299374
0.0301948
0.0842096
0.0391695
0.0183639
0.0289317
0.030072
0.0218464
0.0160084
0.00450607
0.0393151
0.00915354
0.0297563
0.0311297
0.0136588
0.0372536
0.0488755
0.0930218
0.0218464
0.0894272
0.0257372
0.00148988
0.0165296
0.0219955
0.0889279
0.0301706
0.0388268
0.0170045
0.0742368
0.0358139
0.0161192
0.00190514
0.0495009
0.0289317
0.0665536
0.0293415
0.0481429
0.0285689
0.0285689
0.0242328
0.0258177
0.0529763
0.049881
0.0527916
0.046185
0.00695759
0.00315112
0.0392337
0.0247903
0.0358139
0.0268568
0.0627215
0.030072
0.0793623
0.0224904
0.0229899
0.030079
0.0242328
0.0289317
0.0358139
0.0285001
0.0277833
0.0427836
0.0450528
0.0134778
0.0358139
0.00186583
0.0323936
0.0785084
0.0165184
0.00086385
0.026765
0.0375797
0.0319712
0.0143512
0.0211511
0.0255104
0.049852
0.027609
0.0744171
0.0619661
0.0889279
0.046857
0.030072
0.054363
0.0304844
0.0271957
0.023137
0.0308117
0.0325184
0.017463
0.0286626
0.030072
0.0289317
0.0491793
0.0272833
0.0368003
0.030072
0.0695289
0.0468284
0.0100272
0.054031
0.0336102
0.0365849
0.0285689
0.0628348
0.0361748
0.0303596
0.030072
0.0543314
0.0263059
0.0922727
0.0294687
0.017463
0.0638056
0.0255105
0.0255105
0.0204431
0.0372536
0.0198533
0.0416297
0.00249012
0.028123
0.0279611
0.0137516
0.0285689
0.0181144
0.0255105
0.013733
0.0452887
0.030072
0.0208369
0.0367625
0.0631012
0.0340474
0.0507481
0.0415712
0.0279611
0.043003
0.0452999
0.0351661
0.0285689
0.00601399
0.0499784
0.0433339
0.0927472
0.0294598
0.043126
0.044917
0.0427836
0.0183531
0.0134778
0.0287399
0.031551
0.0789093
0.0257372
0.0140128
0.0286626
0.0273432
0.0204431
0.0384335
0.0178953
0.0271957
0.00854868
0.013733
0.0354751
0.0218878
0.017886
0.0639213
0.0340474
0.0206883
0.043599
0.0922727
0.0285689
0.026651
0.0271957
0.0206883
0.031551
0.026651
0.0285689
0.0233452
0.0218878
0.0669724
0.0255105
0.0489331
0.0049957
0.0286626
0.0703306
0.0220844
0.0286626
0.0323936
0.0121543
0.0677579
0.00715193
0.0183531
0.0410127
0.0141527
0.0388815
0.054363
0.0633226
0.0365281
0.00919951
0.0271957
0.062406
0.0370928
0.0313766
0.0499304
0.00601399
0.054363
0.023714
0.0179638
0.0198533
0.0261654
0.030072
0.00867528
0.0420154
0.028556
0.0743287
0.0242328
0.0374666
0.0371075
0.030072
0.021853
0.021853
0.0198458
0.0242328
0.0301706
0.0801793
0.023137
0.017886
0.0191045
0.0285689
0.0164695
0.0351661
0.0188735
0.0160423
0.0167934
0.00450607
0.0401906
0.000568867
0.0289317
0.0291739
0.0117435
0.0944518
0.0349013
0.0774387
0.0883875
0.0560557
0.0188053
0.0218464
0.0385411
0.0371546
0.0319712
0.0104029
0.0289317
0.047162
0.0280975
0.0667258
0.0285689
0.0534075
0.0285001
0.0845049
0.0463358
0.054363
0.00601399
0.0639213
0.054363
0.00291342
0.0777227
0.0161192
0.027609
0.0271957
0.0289317
0.0415712
0.0703306
0.00271261
0.0518147
0.0341803
0.0167897
0.0351661
0.0290184
0.0481429
0.0457155
0.0578039
0.0295994
0.0578401
0.0089491
0.0271957
0.045972
0.0416297
0.0403706
0.0213753
0.0524009
0.0218464
0.033593
0.00729424
0.0218788
0.0285689
0.0271957
0.0261008
0.0522196
0.0206951
0.0279248
0.038241
0.0427836
0.0208746
0.00601399
0.0271957
0.0285001
0.0393151
0.0271957
0.030072
0.0254753
0.00189519
0.056974
0.0619661
0.017886
0.0524763
0.0285689
0.0354682
0.0271957
0.0160423
0.0433616
0.0287399
0.00907117
0.00919951
0.0111917
0.017463
0.0285001
0.0531336
0.0721726
0.0181359
0.0506451
0.0271957
0.0271957
0.030072
0.0375242
0.0279248
0.0205344
0.0350063
0.0103531
0.00431406
0.0194674
0.00708944
0.0164695
0.00482428
0.0482662
0.0784785
0.0627215
0.0301706
0.037618
0.0528074
0.0793623
0.0251708
0.0673119
0.030072
0.0214341
0.0218878
0.0445811
0.00470018
0.0341803
0.0452581
0.0247903
0.0167934
0.0075863
0.0739673
0.000330985
0.0644359
0.026651
0.0317674
0.0495548
0.0733217
0.0426207
0.0287433
0.0183531
0.00450607
0.053696
0.0305782
0.0619661
0.0558032
0.0518287
0.0289317
0.0289317
0.0167934
0.0134778
0.0206951
0.00915354
0.0149606
0.0247159
0.0178953
0.0314941
0.030072
0.0271957
0.0785581
0.0481429
0.0200794
0.0452887
0.030072
0.0700501
0.0322865
0.034239
0.0704049
0.0106707
0.00352618
0.0227324
0.030072
0.0340474
0.0619661
0.0243455
0.0774387
0.0576898
0.0287399
0.0372536
0.00217237
0.0227243
0.00786006
0.0242328
0.0358139
0.0149606
0.010884
0.0351661
0.00854868
0.0364439
0.0247903
0.0332857
0.0370928
0.0155458
0.0285689
0.0379393
0.0271957
0.00600916
0.0434733
0.030072
0.0358139
0.030072
0.0119692
0.0285689
0.0287433
0.0341803
0.0152071
0.00239903
0.0524763
0.0289317
0.0440785
0.0336459
0.0134778
0.0324473
0.0300923
0.030072
0.0235273
0.0111157
0.0181262
0.00601399
0.0144147
0.056974
0.030072
0.0351661
0.0261008
0.0271957
0.0174673
0.025438
0.00315112
0.0481429
0.0399889
0.0206951
0.0364439
0.00490439
0.0777227
0.0284348
0.0187451
0.030079
0.0204431
0.0285689
0.0155853
0.030072
0.0351661
0.017463
0.00450607
0.0344706
0.0179638
0.00249012
0.0690405
0.030072
0.0529763
0.0299374
0.0388268
0.0166671
0.0780324
0.0285689
0.0328252
0.0576898
0.0416297
0.0713566
0.0289317
0.054363
0.0114204
0.0416297
0.00989495
0.0247903
0.0263205
0.031551
0.00675254
0.0271957
0.0487229
0.047889
0.0495058
0.0245119
0.0454178
0.0187451
0.0386415
0.00708121
0.0173151
0.0211326
0.00600916
0.0183639
0.0206951
0.0261008
0.0668504
0.0619661
0.07225
0.0208369
0.0732415
0.0423664
0.019349
0.0405412
0.0279611
0.000568867
0.00382333
0.0340474
0.0398856
0.0393151
0.00450607
0.0388268
0.0341803
0.0482054
0.0247903
0.0137516
0.0423303
0.0326404
0.00665593
0.0354682
0.0289317
0.0206951
0.0301706
0.0261008
0.0198533
0.0391695
0.0315574
0.0752841
0.069971
0.0319712
0.0269812
0.07225
0.0262873
0.0271957
0.00382333
0.0622922
0.0137516
0.00148988
0.0181262
0.030072
0.0134778
0.0134778
0.0205492
0.0751488
0.0319712
0.0150046
0.0268568
0.0289317
0.031551
0.0880065
0.043003
0.031551
0.0358139
0.0123112
0.030072
0.0271957
0.0457155
0.00808361
0.0183531
0.0305782
0.0181262
0.0498071
0.0289317
0.031912
0.0319712
0.0400251
0.0216808
0.0289317
0.0204431
0.0376033
0.0271957
0.0289317
0.0299374
0.023137
0.0464592
0.0228845
0.0380986
0.0285689
0.00907117
0.043238
0.0447888
0.020956
0.00249012
0.0247903
0.0271957
0.015452
0.0285689
0.0271957
0.0486418
0.0289317
0.0385241
0.00206876
0.07225
0.0199753
0.065094
0.0112692
0.0359928
0.00989495
0.0271957
0.0197448
0.0287433
0.0302643
0.025438
0.030072
0.0285689
0.0285001
0.030072
0.0495548
0.0112775
0.0669724
0.0859486
0.0271957
0.0188053
0.023137
0.00929153
0.042537
0.0644359
0.0279248
0.000425979
0.0261008
0.030072
0.0323936
0.0693169
0.00871241
0.0480724
0.00815976
0.00786006
0.0289317
0.00382333
0.0207945
0.0481429
0.0279611
0.0387956
0.0370928
0.0289317
0.0179638
0.0183639
0.0435805
0.0289317
0.0321078
0.054031
0.0619661
0.0358139
0.0286626
0.0271957
0.0289317
0.0304975
0.0204431
0.0349013
0.026651
0.0211772
0.0290866
0.0619661
0.0626047
0.0220844
0.000974491
0.00256395
0.00581098
0.018411
0.0288686
0.0311297
0.00256395
0.0773215
0.0137516
0.0271957
0.0384102
0.0319712
0.0811823
0.00989495
0.0271957
0.0520748
0.0279611
0.00867528
0.0467582
0.027609
0.0733217
0.030072
0.0613044
0.0258225
0.029521
0.00724018
0.0149162
0.0670511
0.0524009
0.0289133
0.0370928
0.0819345
0.0287399
0.0247903
0.0733217
0.0165962
0.0457155
0.0285689
0.0111917
0.0210325
0.0426739
0.031551
0.0428932
0.034239
0.0166671
0.031551
0.0119692
0.0279611
0.0667987
0.0512207
0.0669724
0.097842
0.0474654
0.0297563
0.00769997
0.0116035
0.0848918
0.0277016
0.0212382
0.0287433
0.0180539
0.0284646
0.0199124
0.00435323
0.00767779
0.0469155
0.0289317
0.0524599
0.0524599
0.0480948
0.0321078
0.0310414
0.0774387
0.00368577
0.0204431
0.021853
0.030072
0.0376033
0.0548036
0.0486588
0.0146465
0.0576898
0.059852
0.0218878
0.00817928
0.0367137
0.0393151
0.0271957
0.00601399
0.0285689
0.0269283
0.039399
0.0608231
0.0543314
0.0206951
0.0257372
0.0323936
0.0150393
0.017463
0.0481659
0.00352618
0.0343543
0.0299374
0.0294467
0.0398681
0.0285001
0.0285689
0.0285689
0.0271957
0.0138303
0.00450607
0.0333999
0.031551
0.030072
0.0335926
0.0172963
0.0271957
0.022911
0.00812781
0.0103502
0.0647416
0.0345489
0.034239
0.0289317
0.0183639
0.031551
0.0137516
0.0297563
0.0227324
0.0308117
0.0576898
0.0503538
0.0289317
0.0289317
0.0514001
0.0299374
0.0319712
0.0287433
0.0299599
0.0110524
0.0289317
0.0362282
0.0319712
0.082739
0.00450607
0.0257424
0.030072
0.0207551
0.0271957
0.0577193
0.0145352
0.031551
0.0211326
0.030072
0.051749
0.0622413
0.0106707
0.0145416
0.0114658
0.00854868
0.0113574
0.0365849
0.0164695
0.0271957
0.0526066
0.0279611
0.030072
0.0285001
0.0679895
0.0289317
0.0713863
0.0285689
0.0260628
0.0319712
0.028978
0.028123
0.0211772
0.0271957
0.0321078
0.0481429
0.0340474
0.0383764
0.0370928
0.0218464
0.00601399
0.0287433
0.031551
0.0454906
0.020154
0.017463
0.0372536
0.0285689
0.0361914
0.0289133
0.0194674
0.0218464
0.00501516
0.030072
0.0707911
0.0187451
0.0289317
0.0166671
0.00832736
0.034239
0.00086385
0.00850576
0.0491799
0.030072
0.0677579
0.0548998
0.00304258
0.0333999
0.030072
0.0255962
0.0191045
0.0200398
0.030072
0.0582752
0.0164695
0.0289317
0.0278922
0.0287433
0.00686574
0.0179638
0.00950444
0.0506576
0.0115324
0.0206951
0.0794023
0.00232033
0.0289484
0.00871241
0.00186583
0.0524763
0.030072
0.0137516
0.0434756
0.014091
0.00989495
0.0388268
0.046185
0.017076
0.013733
0.0544575
0.0565904
0.0427836
0.0299374
0.0319712
0.0137516
0.0400231
0.0340474
0.0274479
0.025291
0.0482347
0.0289317
0.0178953
0.042537
0.00501516
0.030072
0.0481429
0.0394136
0.0277833
0.0271957
0.074059
1.5378e-05
0.0263205
0.0319712
0.0434756
0.0341215
0.0285689
0.034239
0.0351661
0.0465257
0.0509155
0.0401771
0.00382333
0.097842
0.00368577
0.054292
0.0279248
0.0356258
0.0816931
0.0358139
0.0576898
0.0318036
0.0285689
0.031551
0.0314809
0.0277833
0.0327512
0.0134778
0.0354682
0.0285689
0.00867528
0.0469155
0.0647416
0.0271957
0.0297563
0.00919951
0.014515
0.0271957
0.030072
0.0314941
0.030072
0.0271957
0.0653602
0.000425979
0.030072
0.00086385
0.0288686
0.0199753
0.0340481
0.0401649
0.0619661
0.0161192
0.0297563
0.00715193
0.0181359
0.0287433
0.0104809
0.0500362
0.0488755
0.0289317
0.0198562
0.0134778
0.0279611
0.0134778
0.0379004
0.0774387
0.00450607
0.0227038
0.0354682
0.0271957
0.015452
0.0289317
0.0303596
0.0457155
0.0186764
0.00600916
0.0198533
0.00512232
0.0802184
0.0255105
0.0337111
0.0503538
0.030072
0.031551
0.0287399
0.00450607
0.00249012
0.00965565
0.00626519
0.036474
0.0261691
0.00804684
0.0218878
0.0442361
0.030072
0.0106734
0.017463
0.0285689
0.0152071
0.0261713
0.0314941
0.0058043
0.0375219
0.069971
0.023137
0.00786006
0.0258698
0.023243
0.030079
0.030072
0.026651
0.0372536
0.0268144
0.051171
0.0261008
0.0401649
0.0289317
0.0161192
0.0287433
0.0286626
0.0358139
0.0524763
0.08933
0.0582752
0.0213753
0.0173267
0.0303596
0.026651
0.030072
0.0289317
0.0287433
0.0351661
0.0357681
0.0321078
0.0287433
0.0568502
0.0247903
0.017886
0.0321078
0.030072
0.0276824
0.0218464
0.026651
0.0484671
0.0285689
0.0442718
0.0638056
0.0134778
0.0642598
0.028978
0.0774387
0.0271957
0.0289317
0.0285689
0.0230716
0.0686659
0.026121
0.0692675
0.0480948
0.0844845
0.028978
0.0341215
0.0356769
0.0463358
0.00769997
0.0261654
0.0410127
0.0274479
0.0511826
0.0289317
0.0255105
0.0285689
0.00989495
0.0136777
0.017886
0.00450607
0.0410027
0.00989495
0.0121978
0.0465257
0.00769997
0.00431406
0.0704049
0.040386
0.0577193
0.0145352
0.017463
0.0451533
0.0498071
0.0435864
0.0667604
0.0287433
0.0289317
0.0297563
0.0388262
0.0370928
0.0795081
0.0427836
0.0255104
0.0434756
0.0206951
0.00939351
0.0393438
0.0271957
0.0255105
0.0287433
0.0356769
0.0338947
0.0271957
0.0301948
0.0247903
0.0542596
0.034239
0.0297563
0.0228158
0.0279611
0.0414852
0.0156928
0.0427836
0.030072
0.0358871
0.0275061
0.0486957
0.0260628
0.0379817
0.0247159
0.030072
0.0279611
0.0311297
0.0339248
0.0319712
0.0367625
0.00382333
0.0289317
0.000747263
0.0115324
0.0247903
0.0289317
0.0501308
0.030079
0.0341803
0.0243455
0.00382333
0.0524763
0.0405783
0.0287433
0.0145352
0.0293415
0.0351661
0.035973
0.00741518
0.0358139
0.00450607
0.00338101
0.0508437
0.0333999
0.0195011
0.0272833
0.0419107
0.0341803
0.0433616
0.0203722
0.0472948
0.0599436
0.0287399
0.00919951
0.0341803
0.0665536
0.0157092
0.030072
0.0392337
0.0354682
0.0321078
0.031551
0.0301706
0.0388268
0.0470795
0.0331498
0.030072
0.00186583
0.0188735
0.00501516
0.030072
0.0486957
0.0183199
0.00876391
0.0371891
0.030072
0.00989495
0.0271957
0.00989495
0.0359255
0.0271957
0.034239
0.0160084
0.0271957
0.053696
0.0804519
0.0328252
0.0392337
0.0365849
0.0257372
0.0289317
0.0394883
0.0205171
0.0299374
0.0774387
0.0250897
0.0289317
0.0354682
0.0289199
0.0508652
0.00450607
0.0794023
0.00473118
0.0845049
0.0294707
0.0184833
0.0337066
0.0281291
0.0289317
0.0774387
0.017463
0.0255105
0.0479022
0.0701559
0.051749
0.0774387
0.0271957
0.0496664
0.0247903
0.0286626
0.0119692
0.0341803
0.0289317
0.0297563
0.00989495
0.0166671
0.0119692
0.0285689
0.0285689
0.0137516
0.027609
0.062406
0.0285001
0.0250561
0.0263205
0.0354682
0.0271957
0.00601399
0.0520748
0.0526119
0.0765205
0.0286685
0.0457155
0.0314941
0.043223
0.07225
0.00380546
0.0285689
0.0271957
0.0279248
0.0200794
0.0371075
0.027609
0.0294467
0.0432723
0.0254753
0.00431406
0.0297804
0.00249012
0.0285689
0.030072
0.030072
0.0400219
0.0688194
0.0271957
0.0518287
0.030072
0.072481
0.066576
0.017463
0.0400231
0.014091
0.0854176
0.0285689
0.036593
0.031551
0.0400504
0.00382333
0.0699538
0.030072
0.00512642
0.0370928
0.0285689
0.0394136
0.0271957
0.0140128
0.030072
0.0509617
0.030072
0.0323936
0.0219393
0.0257619
0.08933
0.0255105
0.028556
0.0279248
0.00619565
0.0319712
0.030072
0.0452887
0.0806788
0.0198533
0.07225
0.0257424
4.38094e-05
0.0339248
0.0351661
0.0242084
0.035395
0.0289317
0.0523182
0.0401116
0.030072
0.0297239
0.0271957
0.00382333
0.0299599
0.0333999
0.023714
0.00382333
0.034239
0.0293415
0.0302643
0.0333999
0.0321078
0.055277
0.0250632
0.0289317
0.0164695
0.031551
0.0114204
0.011456
0.0271957
0.0524763
0.00812781
0.0285689
0.0303596
0.0271957
0.0289317
0.00521195
0.0286626
0.027609
0.0271957
0.015452
0.030072
0.0340474
0.0271957
0.043238
0.031551
0.0285689
0.0279611
0.0289317
0.0271957
0.0378792
0.0289317
0.0323936
0.0183639
0.023137
0.036474
0.0263205
0.0619661
0.0309204
0.0206951
0.0289317
0.0321078
0.0399142
0.0208399
0.0349223
0.0271957
0.0289317
0.0338836
0.0496664
0.0198533
0.022911
0.0173151
0.01871
0.00576687
0.0297563
0.030072
0.0501984
0.0285689
0.0242328
0.0454178
0.0385241
0.0377443
0.0470795
0.0524763
0.0419899
0.0297563
0.082739
0.0210325
0.00239813
0.031551
0.0270663
0.0373634
0.0285689
0.0577193
0.00422725
0.0271957
0.0285689
0.0289317
0.021853
0.028123
0.0271957
0.0380688
0.0271957
0.081565
0.0533487
0.0297563
0.0785084
0.00392133
0.0401116
0.030072
0.0289317
0.030072
0.0179638
0.00989495
0.0358139
0.030072
0.0309204
0.024556
0.0533487
0.0269035
0.0534075
0.0289484
0.0221835
0.017463
0.0271957
0.0321078
0.0469717
0.0285689
0.0358871
0.0178953
0.0287433
0.0287433
0.0255962
0.0204431
0.0289317
0.0885645
0.051129
0.00523239
0.0419107
0.0335926
0.0285689
0.0103502
0.0380353
0.0289317
0.0272833
0.00854868
0.0271957
0.0215907
0.0964452
0.0271957
0.0275061
0.0319712
0.0432074
0.0423664
0.0289317
0.0451622
0.0454178
0.0285457
0.040409
0.00989495
0.0192454
0.0234513
0.00234637
0.0313271
0.0480724
0.030072
0.0271957
0.0481429
0.0257372
0.0310414
0.014091
0.028556
0.030072
0.0434733
0.0254753
0.0271957
0.0183199
0.0572213
0.00019592
0.0297563
0.00596356
0.0285001
0.0198533
0.0260628
0.030072
0.0287027
0.0271957
0.030072
0.0287433
0.0289317
0.00501516
0.0345489
0.0406687
0.0491553
0.0698881
0.0204431
0.000751019
0.0774387
0.0200372
0.026651
0.0289317
0.0856976
0.0215865
0.0319712
0.0417074
0.0289317
0.0134778
0.0432074
0.0334379
0.0780324
0.0279611
0.0419899
0.0255105
0.030072
0.0286626
0.0279611
0.030072
0.0473355
0.0352544
0.0268326
0.0231035
0.0890805
0.0271957
0.0403943
0.0465257
0.091689
0.0134778
0.00490439
0.0287433
0.0739673
0.0381377
0.00805086
0.00141603
0.0183639
0.0319712
0.0289317
0.0204431
0.0370193
0.0208369
0.0183639
0.0303596
0.00989495
0.0271957
0.0452999
0.00232033
0.0208369
0.030072
0.019821
0.0135342
0.030072
0.0383295
0.017886
0.0261008
0.0285689
0.0289317
0.0422939
0.017463
0.030072
0.0451622
0.0144147
0.0301706
0.0362358
0.0134778
0.0137516
0.0271957
0.0289317
0.0285689
0.0242328
0.0340481
0.0134778
0.00984275
0.0275683
0.0134778
0.030072
0.00601399
0.0398381
0.0268144
0.0279248
0.0603568
0.00490224
0.0773215
0.0357681
0.0480917
0.0492651
0.00490439
0.0289317
0.0150393
0.0402774
0.0271957
0.028978
0.0181262
0.0134778
0.0289317
0.0255105
0.00804684
0.0168461
0.0119692
0.0481429
0.0183531
0.0667604
0.0351661
0.0289317
0.0287433
0.0454696
0.0289317
0.0395564
0.0707964
0.0795081
0.0286818
0.0619661
0.0388268
0.0620833
0.0242328
0.0204431
0.0200372
0.0289317
0.0445735
0.0333999
0.0355642
0.0358139
0.0665958
0.00365794
0.030072
0.0247903
0.063141
0.0271957
0.0285001
0.00601399
0.00382333
0.0285689
0.0584104
0.0383993
0.0247903
0.0204431
0.0287433
0.0298522
0.0299374
0.030072
0.0313271
0.0134778
0.0126733
0.0205557
0.078132
0.0301706
0.0435805
0.00523239
0.00305468
0.0190415
0.0271957
0.0215907
0.0247903
0.0271957
0.0407014
0.0167652
0.0299374
0.0639213
0.00450607
0.0319712
0.0247903
0.0358139
0.0352544
0.0361417
0.026651
0.0332857
0.0261008
0.0145416
0.0206883
0.00382333
0.00256395
0.000296831
0.0392337
0.038241
0.0303596
0.030072
0.0238902
0.051025
0.0328915
0.0347972
0.0388268
0.0386415
0.0341115
0.0359255
0.0291551
0.0134778
0.0568609
0.0285689
0.07225
0.0289317
0.0576898
0.0285689
0.0325649
0.069971
0.0284646
0.031551
0.00741518
0.030072
0.0097056
0.0481523
0.014515
0.0370928
0.0686659
0.0524763
0.0285689
0.0745726
0.00465024
0.0134778
0.0198533
0.0426194
0.0458492
0.0288778
0.0340474
0.0183639
0.0206883
0.0289317
0.0279248
0.0351661
0.0619661
0.0495548
0.031551
0.01575
0.0289317
0.0340481
0.028556
0.00601399
0.0358139
0.0640298
0.0303596
0.0700501
0.0539651
0.0409929
0.000425979
0.0524763
0.030072
0.0333999
0.0287433
0.0119692
0.023137
0.0289317
0.0287433
0.0285689
0.0297563
0.0401443
0.0641091
0.0218464
0.00769997
0.0289484
0.0106707
0.0289317
0.0297563
0.0124692
0.0208399
0.0294598
0.00249012
0.0289317
0.0391695
0.0422939
0.0206951
0.0255104
0.0333206
0.0279611
0.0358139
0.0351661
0.0445735
0.0160423
0.0497833
0.0174407
0.0370928
0.0271957
0.0440259
0.0258698
0.0356769
0.0289317
0.017463
0.0255104
0.0211326
0.0378165
0.0271957
0.0500058
0.0470296
0.0728117
0.0456786
0.0619661
0.0349013
0.0450718
0.0323936
0.0854852
0.019349
0.0348964
0.0765205
0.0297239
0.00249012
0.0421891
0.031551
0.0271957
0.030072
0.0469155
0.0914617
0.00904989
0.0271957
0.0285689
0.0255105
0.0494863
0.0287433
0.0289317
0.0319712
0.030072
0.0299374
0.0289317
0.0317894
0.0218464
0.0378935
0.0463358
0.0271957
0.0119692
0.0134778
0.024556
0.0321078
0.0358139
0.0328252
0.0253082
0.0524763
0.0297563
0.0285689
0.0432074
0.0348964
0.00512232
0.0462722
0.0279611
0.00305468
0.030072
0.0337749
0.0303596
0.0457155
0.0811823
0.030072
0.00601399
0.0449859
0.0818086
0.0285689
0.0631012
0.00382333
0.00382333
0.0376527
0.00867528
0.0138303
0.049852
0.0268108
0.0104029
0.0247903
0.0102379
0.0289317
0.0206951
0.0279611
0.0470296
0.0206951
0.0257424
0.00431406
0.00450607
0.0314941
0.00831926
0.0198533
0.0119412
0.00989495
0.0188053
0.0741348
0.0463358
0.0204647
0.0228845
0.026651
0.0297239
0.0742345
0.00490439
0.031551
0.0442979
0.0208369
0.0343762
0.0474546
0.0571176
0.0183639
0.0235831
0.0263205
0.0218464
0.0576898
0.030072
0.0301706
0.0134778
0.00786006
0.0145352
0.0707964
0.0137516
0.00382333
0.0619661
0.0582752
0.0472948
0.0495548
0.0293415
0.0601378
0.039043
0.0328839
0.029521
0.0716666
0.0337066
0.0232023
0.0544575
0.00769997
0.0421658
0.0285053
0.0285689
0.0302643
0.030072
0.0774387
0.0165184
0.0540094
0.0526391
0.017463
0.030072
0.0218464
0.030072
0.0230716
0.00180912
0.0379817
0.0227388
0.0388268
0.0287433
0.00915354
0.0465257
0.0271957
0.0279611
0.030072
0.0340796
0.0279248
0.00490439
0.023243
0.0368003
0.0289317
0.0883875
0.00499141
0.00512232
0.0287433
0.00523448
0.034239
0.0484671
0.0134778
0.0415712
0.0382565
0.0285689
0.030072
0.01991
0.0578124
0.0315574
0.00984275
0.026651
0.0261654
0.0571107
0.0218464
0.030072
0.0457155
0.0285001
0.0319712
0.0481429
0.048432
0.0568502
0.0173151
0.0556352
0.0285001
0.030072
0.0505189
0.0476162
0.0506057
0.0271957
0.0718195
0.030072
0.0285001
0.0303596
0.00871241
0.0242328
0.0145352
0.00769997
0.0568609
0.030072
0.0457155
0.0584104
0.0134778
0.031551
0.0271957
0.0358139
0.0228703
0.0198726
0.00133079
0.0518287
0.0155853
0.00382333
0.0454178
0.00769997
0.030072
0.030072
0.0518287
0.00234637
0.0206951
0.091689
0.0297563
0.0619661
0.0576898
0.0551489
0.00482428
0.0454178
0.0213751
0.0289317
0.0314809
0.02147
0.0603568
0.00980073
0.0271957
0.00450607
0.0531362
0.043238
0.0381377
0.0355684
0.0405632
0.0198533
0.00550973
0.0297563
0.0510422
0.0161192
0.060338
0.036217
0.0741993
0.0303596
0.0518287
0.0301948
0.0619661
0.0289317
0.00601399
0.0173267
0.0374666
0.0481429
0.0164695
0.0173151
0.00989495
0.0178979
0.0307064
0.0413034
0.0480724
8.83341e-05
0.0368786
0.0166671
0.0427655
0.0619661
0.0299374
0.0159052
0.030072
0.0276951
0.015452
0.0914617
0.0204431
0.0194674
0.0218464
0.0285689
0.014091
0.0297563
0.0299374
0.0344191
0.0505276
0.0657354
0.0289317
0.0340474
0.0548036
0.0303596
0.030072
0.0286626
0.0285689
0.0372291
0.030072
0.00450607
0.0457155
0.0289317
0.0576212
0.0258177
0.0255104
0.0370928
0.0289317
0.0247903
0.0372536
0.030072
0.0321759
0.0285689
0.0619661
0.0481429
0.0711607
0.0401116
0.0272833
0.0297563
0.0354751
0.0341466
0.0285001
0.0221835
0.0104029
0.00431406
0.0294598
0.0321078
0.030072
0.0355684
0.0206951
0.022911
0.031551
0.076737
0.0279611
0.0543314
0.00989495
0.030072
0.0481523
0.00385672
0.0289317
0.0774387
0.0289317
0.0524763
0.0495548
0.0434756
0.0247903
0.0210325
0.0285689
0.0345489
0.0261008
0.0294707
0.00501516
0.030072
0.0285689
0.0774387
0.0386943
0.0635884
0.0285689
0.0285689
0.0299374
0.0421658
0.00980073
0.0427836
0.0287433
0.0494863
0.00653945
0.0317537
0.0964452
0.0488755
0.0399889
0.030072
0.0371633
0.0480948
0.030072
0.0197836
0.0255104
0.0279611
0.0271957
0.017463
0.027609
0.0285689
0.00523239
0.0271957
0.0358139
0.013733
0.00352266
0.015452
0.0134778
0.0358139
0.0276824
0.0261008
0.059748
0.031551
0.0289317
0.0620833
0.00860545
0.013462
0.0188735
0.042097
0.030079
0.00148177
0.00501516
0.0297563
0.0119755
0.0427836
0.0271957
0.054363
0.0285001
0.0610345
0.034239
0.0351661
0.0285689
0.0319712
0.0427836
0.0314809
0.0293415
0.00450607
0.0072878
0.0230934
0.0287399
0.0298789
0.00741518
0.0303596
0.0496033
0.0287433
0.0301948
0.030072
0.0285689
0.0289317
0.0285689
0.00601399
0.00382333
0.0220844
0.030072
0.0124245
0.0349223
0.0254753
0.0297563
0.0285689
0.0341285
0.0208449
0.026651
0.025238
0.0398856
0.0903448
0.0111917
0.0287433
0.023137
0.030072
0.0228703
0.043238
0.031551
0.0255105
0.0314941
0.0285689
0.0218878
0.00382333
0.0106707
0.0258177
0.0255105
0.0341285
0.0285689
0.0271957
0.0325649
0.0381377
0.0678739
0.0166671
0.0576898
0.0419899
0.014515
0.0297804
0.0227324
0.0287399
0.0334379
0.0289317
0.0261059
0.0524763
0.0285689
0.00291342
0.0607792
0.0399647
0.0289317
0.0134778
0.00368577
0.0501984
0.00382333
0.0287433
0.017463
0.00382333
0.0774387
0.00601399
0.035119
0.0751488
0.0308117
0.0427387
0.0619661
0.0741993
0.0285001
0.0868932
0.00385672
0.0418307
0.0406544
0.0401317
0.0197448
0.0287433
0.0206951
0.000330985
0.030072
0.00490439
0.017463
0.043003
0.0271957
0.0679895
0.00256395
0.0497833
0.046185
0.0261654
0.0572446
0.0123503
0.030072
0.00249012
0.0167897
0.0294806
0.0183639
0.030072
0.0285001
0.0802184
0.030072
0.0362604
0.0198458
0.00382333
0.0289317
0.0619661
0.031551
0.0119723
0.0260854
0.0217998
0.0212177
0.0699157
0.026651
0.0271957
0.042537
0.0215907
0.0319712
0.0340474
0.0181262
0.043238
0.0403274
0.0271957
0.0370928
0.0534321
0.0299374
0.030072
0.00382333
0.0914617
0.0308982
0.0114658
0.0286626
0.0340474
0.0433616
0.0229332
0.0351661
0.0285689
0.0253082
0.0617159
0.020154
0.0168685
0.030072
0.0271957
0.030072
0.030072
0.030072
0.030072
0.0547426
0.0388268
0.030079
0.0340481
0.0049957
0.0289317
0.0394883
0.0255104
0.018411
0.031551
0.01991
0.0354682
0.030072
0.0663546
0.0370928
0.030072
0.0491703
0.0285689
0.0234513
0.00382333
0.0323936
0.0229899
0.07225
0.0282436
0.00769997
0.0636471
0.030072
0.0287433
0.0271957
0.0255104
0.0293415
0.0164695
0.0340796
0.0286626
0.0394883
0.066576
0.0370928
0.0289317
0.00729424
0.0289317
0.0181262
0.0333999
0.0524763
0.00133079
0.0377443
0.0227243
0.0289317
0.030072
0.0303596
0.00769997
0.0890922
0.0608097
0.0337111
0.0345489
0.0502078
0.0198458
0.0343792
0.0291637
0.0285689
0.0297563
0.0230876
0.0279611
0.0213753
0.00385672
0.030072
0.0287399
0.017463
0.0279248
0.047889
0.0625913
0.0368964
0.0179864
0.0218464
0.0450528
0.0400231
0.0801793
0.0198458
0.030072
0.0285689
0.0379004
0.0785084
0.0299374
0.0622159
0.031551
0.0228845
0.0285689
0.0375513
0.0166671
0.0332857
0.0481429
0.0179638
0.0230716
0.0285689
0.0437665
0.0220844
0.00382333
0.0234513
0.000425979
0.0424757
0.00860338
0.000425979
0.0364439
0.0271957
0.0110524
0.0137516
0.0286626
0.030072
0.0279248
0.0165296
0.0319712
0.00352266
0.0358139
0.0228845
0.00382333
0.0297563
0.0303596
0.0340474
0.039043
0.0303596
0.0427836
0.0270521
0.0271957
0.0533068
0.0188053
0.0285689
0.00989495
0.0299374
0.026651
0.0134778
0.062406
0.0289317
0.0218878
0.0211326
0.0747502
0.0521192
0.0287433
0.00823504
0.0136588
0.0498071
0.00249012
0.0290848
0.0137516
0.0482347
0.00490439
0.0600594
0.00601399
0.0350118
0.0289317
0.0285689
0.043126
0.0211772
0.0417074
0.0459919
0.0284646
0.0271957
0.070861
0.0486957
0.0271957
0.0123503
0.0228912
0.0354682
0.0200372
0.0328839
0.0780324
0.0370928
0.00601399
0.0285689
0.00133079
0.017886
0.0269812
0.0121543
0.0285689
0.0498195
0.0367625
0.0124692
0.0287433
0.0405783
0.0269283
0.0205171
0.0358139
0.0276824
0.0366859
0.0358139
0.0341466
0.00086385
0.0303596
0.0539651
0.0358139
0.00521195
0.0301706
0.0350766
0.00769997
0.0271957
0.0261059
0.0416297
0.0319712
0.0539651
0.0383295
0.0206951
0.030072
0.0215907
0.0289317
0.0426194
0.00626519
0.0414853
0.0716644
0.0305405
0.0100272
0.0839085
0.0321078
0.00755805
0.0206951
0.0115043
0.0218464
0.030072
0.0868932
0.0227324
0.0174407
0.0524763
0.0271957
0.0285001
0.030072
0.0289317
0.0145125
0.00450607
0.015452
0.00804684
0.0347026
0.000390232
0.00293207
0.0365281
0.020956
0.030072
0.0289317
0.0137516
0.0400231
0.0134778
0.0289317
0.0285689
0.0102379
0.0576898
0.0289317
0.0198533
0.0280094
0.0184833
0.0287433
0.0285689
0.0358139
0.0480724
0.00919951
0.037974
0.0205344
0.0463358
0.00550973
0.0247903
0.0319712
0.0271957
0.00919951
0.0299374
0.0308982
0.031551
0.0167588
0.0289317
0.0351661
0.04564
0.0285689
0.0367625
0.0584104
0.00256395
0.0345489
0.0317586
0.0285689
0.0285001
0.00368577
0.0208449
0.017463
0.037183
0.0568609
0.0469155
0.0410127
0.0400251
0.026651
0.0109777
0.0303596
0.0145125
0.0257372
0.0286626
0.030072
0.0301706
0.0349402
0.00382333
0.0114658
0.0319712
0.0507643
0.0134778
0.0218464
0.0179638
0.014515
0.0447401
0.0544877
0.00382333
0.0388268
0.00873533
0.0287433
0.0271957
0.0456786
0.046185
0.0255105
0.030072
0.00206876
0.091689
0.0137567
0.017463
0.00368512
0.034239
0.030072
0.0352544
0.031551
0.0172394
0.0285689
0.0560557
0.0198458
0.0247903
0.0357678
0.0424757
0.0410882
0.0285689
0.0271957
0.022266
0.0271957
0.0314941
0.0289317
0.0401771
0.0269035
0.0408342
0.030072
0.0524763
0.00860338
0.021853
0.0462029
0.0285689
0.0368003
0.030072
0.0299374
0.043943
0.0469155
0.0285689
0.020956
0.00187236
0.0321078
0.074059
0.0271957
0.0608591
0.0354682
0.0206951
0.0257424
0.0370928
0.0331948
0.0287433
0.00152791
0.0406344
0.0218464
0.0386784
0.0271957
0.00304258
0.0753835
0.00249012
0.030072
0.0049957
0.0115324
0.031551
0.021853
0.0359255
0.0257372
0.0119692
0.0476654
0.0214802
0.053696
0.0831043
0.0407014
0.0141461
0.0495548
0.0279248
0.0150027
0.0164695
0.030072
0.0422357
0.0119723
0.0157318
0.0319712
0.0340474
0.0524763
0.0218464
0.030072
0.0150393
0.021853
0.00187236
0.0927472
0.0379958
0.0289317
0.0258177
0.0945788
0.0287433
0.00708121
0.0413032
0.0343837
0.0619661
0.0372536
0.0426739
0.0145819
0.00189519
0.0245499
0.000568867
0.0285689
0.0317537
0.0285689
0.0285689
0.0250632
0.0349402
0.0137912
0.000390232
0.0423664
0.0622922
0.0538584
0.0247903
0.0351661
0.014091
0.091689
0.0370928
0.0657354
0.0335926
0.0287433
0.0322865
0.0271957
0.0289317
0.0370928
0.038448
0.0457155
0.0373634
0.045013
0.0686659
0.078132
0.0271957
0.00769997
0.0828556
0.0273227
0.0518147
0.025238
0.030072
0.0303596
0.020956
0.0213753
0.0297563
0.054031
0.0289317
0.0337066
0.0289317
0.0508259
0.0388268
0.0218464
0.0496189
0.0213753
0.0285689
0.0213753
0.0380688
0.0291196
0.017886
0.059748
0.0590188
0.0341803
0.0524763
0.0183639
0.0268144
0.00965565
0.0218878
0.0505189
0.0501499
0.0524763
0.0388268
0.0289317
0.0097211
0.0289317
0.017463
0.0469717
0.0468284
0.0351661
0.00501516
0.0229332
0.0492651
0.054363
0.0299374
0.0333206
0.0303596
0.0470296
0.034239
0.0358139
0.0752841
0.030079
0.043223
