0.0367243
0.0213332
0.0314924
0.0339765
0.0389775
0.0216537
0.0284568
0.0251055
0.033828
0.0325889
0.0287069
0.042213
0.0324327
0.0336468
0.0359645
0.0187933
0.0249179
0.0185988
0.0291021
0.0178405
0.0392019
0.0423563
0.000740707
0.0371251
0.0358266
0.0345771
0.0246414
0.0366054
0.0178405
0.0223434
0.0291641
0.0378355
0.0470893
0.0399761
0.0237418
0.0265787
0.00641114
0.0304182
0.0140936
0.0323297
0.0498686
0.0176004
0.0339765
0.0365174
0.050593
0.0169747
0.0253406
0.0351113
0.0248184
0.021261
0.00797656
0.0431142
0.0236607
0.0198676
0.0223234
0.0185587
0.00725134
0.0470342
0.0385961
0.0274259
0.0367565
0.0165646
0.0138516
0.0379377
0.0350685
0.0379032
0.0139657
0.0353032
0.0173651
0.0416269
0.0428029
0.0349003
0.0314555
0.0066583
0.0493572
0.0368357
0.0281088
0.0199893
0.0416481
0.0241027
0.0292009
0.0452253
0.0214459
0.0392491
0.0351135
0.0219409
0.0270121
0.0321323
0.0208325
0.0353032
0.0258927
0.0190287
0.0017933
0.0412581
0.0423759
0.0310792
0.0452349
0.0228968
0.00864643
0.0251909
0.0309689
0.0298545
0.0375575
0.00176209
0.00821096
0.0339387
0.0219409
0.0322919
0.039009
0.0333668
0.0478005
0.0498781
0.0139072
0.0422379
0.0324571
0.0242968
0.0237923
0.0260695
0.0316409
0.0237923
0.0216817
0.0339485
0.0393806
0.0241502
0.0251055
0.0449407
0.0371087
0.000928313
0.00539851
0.038849
0.0238601
0.0319913
0.0255197
0.0322164
0.0398535
0.0137222
0.0399012
0.032636
0.00300694
0.00866824
0.0207237
0.033767
0.0355693
0.0261896
0.000773966
0.0108423
0.0334368
0.0344033
0.0353223
0.0321721
0.0213454
0.0432439
0.0337417
0.0302185
0.0286043
0.0304429
0.0298365
0.0264881
0.0408362
0.0326955
0.0253977
0.0323761
0.0454019
0.0252518
0.0435683
0.039009
0.0248184
0.0350503
0.0400407
0.0367243
0.0235177
0.0350847
0.0265269
0.0306309
0.0412285
0.0229777
0.0303966
0.0311694
0.0431142
0.0425403
0.0203001
0.0445288
0.035593
0.0268317
0.0313972
0.0200779
0.0139253
0.0386735
0.0198671
0.0303966
0.0185587
0.0341379
0.0324327
0.0429851
0.04288
0.0368357
0.0401039
0.0304635
0.0232087
0.0300169
0.0195058
0.0213432
0.0488064
0.0464199
0.0314527
0.0331914
0.0401039
0.0336619
0.0204302
0.0437975
0.0385971
0.046954
0.0311894
0.00650799
0.0239561
0.0135784
0.0423759
0.0237122
0.0351596
0.0259762
0.0111041
0.0315195
0.0188349
0.0258466
0.0270428
0.0287721
0.0334368
0.021261
0.0365294
0.0250483
0.031785
0.0350503
0.0471065
0.0333668
0.0300226
0.042157
0.0203001
0.00418182
0.0289131
0.0464199
0.0297489
0.0379207
0.0270205
0.0397497
0.0176947
0.00821316
0.035504
0.03043
0.0288925
0.0216851
0.00578839
0.0398438
0.0319203
0.00725134
0.0288333
0.0413695
0.0379032
0.0350685
0.0301699
0.020273
0.0258466
0.0111578
0.0312045
0.0406808
0.026497
0.042187
0.000152096
0.0452194
0.0322176
0.0161053
0.0140329
0.0106075
0.00239742
0.0416269
0.0277009
0.0402261
0.029704
0.0366054
0.0393018
0.0311894
0.0199463
0.0261837
0.0329805
0.0104104
0.0233799
0.0336619
0.0466086
0.0163107
0.012974
0.0460668
0.0213332
0.0460668
0.0329288
0.0293206
0.0391491
0.0270882
0.0256395
0.0324156
0.0212768
0.0258316
0.0205004
0.0445505
0.00632394
0.039721
0.0261618
0.0098933
0.040432
0.0393806
0.027364
0.0280322
0.0380968
0.045311
0.028804
0.0229731
0.0338185
0.0275385
0.0395368
0.0435998
0.000805914
0.0364811
0.0254741
0.0329318
0.013213
0.0153476
0.0219409
0.0282554
0.0426644
0.00436914
0.0341609
0.0204794
0.0189272
0.0391204
0.0187992
0.000387907
0.0348608
0.0363075
0.00496408
0.0229084
0.00168884
0.0325889
0.0295914
0.00959331
0.028195
0.0321323
0.0118073
0.015024
0.0296881
0.0265991
0.0287808
0.0127632
0.0429851
0.0103818
0.0282554
0.0140936
0.0352797
0.0258316
0.0207399
0.035504
0.00113308
0.0237138
0.0268699
0.0311849
0.0323761
0.0170576
0.0321721
0.0265991
0.0328657
0.0300226
0.0236708
0.032636
0.0410772
0.016224
0.0351554
0.0220911
0.0186011
0.0308604
0.036408
0.0418919
0.0149392
0.0244966
0.0330412
0.0043385
0.0323852
0.0295914
0.0253977
0.0457948
0.0406787
0.0214459
0.00755405
0.0134435
0.0418919
0.0376617
0.0318986
0.0495501
0.0237486
0.0413695
0.0427315
0.024317
0.0366726
0.0376546
0.0111795
0.0313091
0.0300948
0.00418182
0.0336338
0.0246404
0.0285062
0.0163894
0.0228774
0.0375503
0.0413656
0.00961053
0.0423487
0.0138659
0.0333232
0.0212696
0.0163165
0.0162731
0.0478005
0.0437975
0.0320435
0.0304825
0.029802
0.0495042
0.0106641
0.0327998
0.0517149
0.0134402
0.0228391
0.0258376
0.00632394
0.0308965
0.0307741
0.0379032
0.0295505
0.0308998
0.0416638
0.0398535
0.0250258
0.0352797
0.0413656
0.0409178
0.00251183
0.0376546
0.0367302
0.0195755
0.0176004
0.0232087
0.0319913
0.0170576
0.0423487
0.0213075
0.035845
0.0276381
0.0052352
0.0289576
0.0421507
0.0477433
0.00720996
0.0138405
0.00701052
0.0229528
0.0394082
0.0228391
0.0315356
0.0212696
0.0265546
0.00245857
0.0239079
0.0328514
0.0185587
0.00684297
0.0214376
0.038296
0.0110081
0.0204986
0.0404192
0.0167662
0.0161547
0.0416025
0.000389636
0.0339485
0.0418815
0.0190287
0.0401039
0.0299782
0.00866771
0.0484405
0.026479
0.0392165
0.0214459
0.0225013
0.00110865
0.0457919
0.0293383
0.0274902
0.0330075
0.033497
0.0204214
0.0128127
0.0187992
0.0201123
0.0258717
0.00507081
0.0214459
0.0319313
0.0316401
0.0011847
0.0048359
0.0154935
0.0281107
0.00962532
0.0271736
0.0177202
0.0253406
0.0192526
0.0204031
0.0421286
0.0100857
0.0282063
0.0284568
0.0207566
0.0426871
0.0252518
0.0151253
0.0315356
0.0470342
0.0465591
0.0238601
0.0278234
0.0308776
0.042146
0.0437468
0.0367748
0.0207237
0.0284568
0.0213075
0.042187
0.0428029
0.0243565
0.0307741
0.0323761
0.02412
0.0412812
0.0230449
0.00301187
0.00578839
0.0398607
0.0417503
0.020233
0.0441352
0.0115089
0.0252936
0.0195755
0.0363075
0.0278234
0.0302185
0.00428754
0.0148215
0.0366439
0.0285039
0.0426303
0.0129343
0.0298061
0.0134833
0.0232161
0.045311
0.0380968
0.0378425
0.0260993
0.00297695
0.0237486
0.031991
0.0331914
0.02167
0.0346112
0.00357655
0.0369797
0.0216224
0.0355683
0.0333668
0.0454442
0.0251267
0.0466897
0.0113162
0.0334368
0.0372162
0.0477433
0.0404192
0.0460749
0.0108626
0.042187
0.0323297
0.0369287
0.0178405
0.0435998
0.0139336
0.0336306
0.0313043
0.0385098
0.0229084
0.0381365
0.0466086
0.0298654
0.0257057
0.0149604
0.0351554
0.0120277
0.0410116
0.0287738
0.0495501
0.0317843
0.0233248
0.0342537
0.0404192
0.032322
0.0376617
0.0399911
0.0451906
0.0274259
0.00580502
0.0198455
0.0352797
0.0317843
0.0407236
0.00979164
0.0337851
0.0338185
0.0448908
0.0163751
0.0406916
0.020273
0.0219324
0.0205004
0.0354638
0.0111795
0.0299454
0.0249179
0.00182837
0.0445116
0.0333232
0.029955
0.0385591
0.0451906
0.0466897
0.0151253
0.024534
0.0478005
0.0301834
0.020392
0.0129117
0.0470893
0.0356427
0.00954565
0.0477433
0.0347604
0.0299028
0.0293206
0.0185587
0.0343999
0.02004
0.00181562
0.0350503
0.0311894
0.0336468
0.0392019
0.00791228
0.013213
0.0367135
0.0291021
0.0339485
0.0128289
0.00313878
0.0354441
0.0246974
0.0249179
0.036408
0.0310301
0.0285265
0.0426303
0.0304429
0.0372761
0.0335822
0.0319718
0.0229722
0.0135784
0.02412
0.0122519
0.0267597
0.0385168
0.0386156
0.0418919
0.0484932
0.0407686
0.0307398
0.050593
0.0319203
0.0235087
0.028757
0.0142921
0.0223434
0.0254741
0.0285039
0.0211244
0.0495501
0.0159627
0.0364311
0.0258466
0.0330412
0.0453494
0.0359817
0.00810736
0.0137222
0.0272968
0.00377727
0.000237256
0.00988058
7.11083e-05
0.0430549
0.0233248
0.0357668
0.0353032
0.0107588
0.0125914
0.00251183
0.026017
0.02004
0.019666
0.0404623
0.0349318
0.0253977
0.0353488
0.0261474
0.0164439
0.0166725
0.0176947
0.0484729
0.0255294
0.0251107
0.0287069
0.035744
0.0357668
0.0261896
0.0296881
0.0449428
0.0042147
0.0215056
0.0401534
0.0328708
0.0428193
0.0303537
0.0495501
0.0222637
0.0449428
0.0388029
0.0098933
0.0263845
0.0314378
0.0255069
0.0294505
0.00930745
0.0136773
0.00735039
0.0474375
0.0271379
0.0329318
0.0185009
0.0416045
0.0364804
0.00962532
0.0219324
0.0314509
0.014292
0.0149392
0.0495501
0.00256765
0.021261
0.0349659
0.00827768
0.0339014
0.0107545
0.00671297
0.00168884
0.0207875
0.0230449
0.0160798
0.0292199
0.00197741
0.0225255
0.00533576
0.0282554
0.0229252
0.0219606
0.0416269
0.0253406
0.012439
0.0281535
0.0134435
0.0297881
0.0330412
0.00794107
0.0445361
0.0350685
0.039721
0.0312917
0.0201123
0.0251909
0.0492549
0.0380968
0.00794107
0.0477433
0.0463529
0.0219409
0.0344798
0.0112833
0.0282554
0.025471
0.0259646
0.0351714
0.0444275
0.0431142
0.030957
0.0187604
0.0153545
0.0288983
0.0487036
0.0265546
0.0214787
0.00818408
0.0338185
0.0335138
0.026562
0.0339014
0.0321323
0.0278435
0.0120277
0.0243565
0.0353904
0.00864643
0.0228863
0.00873256
0.0226274
0.0107588
0.0125914
0.0385971
0.0213332
0.0387005
0.0235177
0.0207566
0.0274259
0.0221357
0.0154732
0.0435998
0.0477433
0.0449618
0.0327568
0.0421708
0.00186872
0.016749
0.0179981
0.0213454
0.035192
0.0408455
0.00705874
0.0370607
0.0418001
0.0223157
0.035504
0.0268919
0.0351135
0.0385168
0.0270567
0.0299454
0.0471381
0.0454442
0.0296611
0.0399878
0.0217365
0.0106075
0.00725134
0.0176368
0.0149327
0.0270882
0.0379007
0.0412962
0.0283941
0.0261474
0.0423759
0.016749
0.00910896
0.0195755
0.0443751
0.0410857
0.04059
0.0253406
0.0236204
0.0422233
0.0346276
0.0278491
0.0278435
0.0215549
0.0492873
0.0212696
0.0323852
0.0028245
0.0133574
0.0261375
0.0399012
0.0153476
0.0367243
0.0451906
0.0253977
0.0355439
0.0463529
0.00924557
0.040432
0.0344798
0.0194463
0.024322
0.0366726
0.039721
0.025831
0.00194266
0.0125337
0.0445219
0.0366697
0.0275385
0.0364022
0.02861
0.011955
0.0334572
0.0138405
0.00714344
0.035569
0.0377164
0.0120277
0.0153476
0.0351031
0.0110848
0.00962532
0.0111795
0.0213432
0.00956738
0.0409933
0.0375153
0.0322176
0.0385971
0.0411603
0.0259826
0.0208021
0.0147972
0.026544
0.0219409
0.0101082
0.0340461
0.0177626
0.0394819
0.0127873
0.043766
0.0449428
0.0249065
0.0236708
0.0418815
0.0166872
0.0267728
0.0468752
0.0447622
0.0407236
0.0219409
0.0371683
0.00555018
0.035415
0.0288925
0.00765151
0.0203024
0.0239539
0.0259208
0.0404114
0.0347635
0.0318323
0.0272908
0.0461428
0.038849
0.0339485
0.0391639
0.01799
0.0305365
0.030156
0.0241905
0.0276445
0.0082835
0.0318986
0.0352917
0.0116435
0.0427315
0.0283384
0.0278435
0.0423633
0.0241027
0.0166991
0.0381813
0.0313939
0.033767
0.00671357
0.0244556
0.0286021
0.00323197
0.0403647
0.0305446
0.0307741
0.0438779
0.0280322
0.0469943
0.0367565
0.0327155
0.0344798
0.050593
0.0341725
0.0375783
0.00272959
0.0431142
0.0275361
0.0253977
0.0412962
0.0301699
0.0143294
0.0106075
0.0205065
0.0203001
0.0427315
0.0281107
0.0416518
0.0317843
0.0237504
0.00313878
0.0352176
0.0365556
0.0214593
0.0028245
0.0333958
0.0360528
0.0111795
0.0340461
0.0399658
0.0448279
0.0230093
0.0178307
0.0457655
0.0283916
0.0233799
0.035744
0.0161547
0.0385411
0.00705874
0.0244966
0.040432
0.0392165
0.0395032
0.0215056
0.00705874
0.0205604
0.0213454
0.0428029
0.0482018
0.0197152
0.0336306
0.0246974
0.0391491
0.0346112
0.0288558
0.0495887
0.0421708
0.0287069
0.0206585
0.0322176
0.044937
0.0148912
0.00388008
0.0223234
0.0353636
0.0362951
0.00720996
0.00811338
0.0423759
0.0149861
0.02783
0.0156728
0.00357655
0.0426871
0.0381813
0.0377479
0.0359276
0.0313091
0.0223434
0.0492024
0.0284413
0.0293206
0.0252873
0.0280265
0.0254675
0.0319913
0.0431142
0.0393104
0.033767
0.0261618
0.0497586
0.0238601
0.0303966
0.0334368
0.0376585
0.0426016
0.0352438
0.0488774
0.0369608
0.00913548
0.0371178
0.0409178
0.0495501
0.0165646
0.0236708
0.0339765
0.0293206
0.0413274
0.021127
0.00607866
0.00778085
0.0234914
0.0274525
0.0166211
0.00595579
0.0337851
0.0399498
0.0344644
0.0279918
0.00179935
0.0471978
0.0140387
0.0321721
0.00684297
0.0353032
0.0152459
0.00680156
0.0290396
0.0234054
0.0429329
0.00667864
0.0339485
0.0328366
0.011886
0.0316534
0.011886
0.0297978
0.0152459
0.0219606
0.00730115
0.0226497
0.0363168
0.0302767
0.0170576
0.0118458
0.0239539
0.0335822
0.0163165
0.0212768
0.021261
0.0226083
0.0360444
0.046382
0.036567
0.0044502
0.0416638
0.00188707
0.0386855
0.0176947
0.0358427
0.0163165
0.011886
0.0214374
0.02412
0.0251055
0.0292009
0.0304825
0.0192568
0.0390488
0.0393104
0.0363075
0.00544381
0.013774
0.0473655
0.0460875
0.0360969
0.0449858
0.0246731
0.0360528
0.0339014
0.0299124
0.0471978
0.0293097
0.0216537
0.0117217
0.0495501
0.0370607
0.042187
0.0392763
0.0314378
0.00107342
0.00695741
0.0161053
0.0423759
0.0463529
0.0339014
0.0492024
0.0194463
0.0275361
0.0261474
0.000416368
0.0281107
0.00170487
0.00183755
0.00586423
0.00821316
0.0176947
0.0445505
0.0282063
0.0163751
0.0364804
0.0237418
0.0301366
0.0336338
0.0444275
0.0297881
0.0400875
0.0337101
0.0255197
0.00210446
0.0381655
0.0281107
0.0348926
0.03391
0.0478005
0.0364804
0.00313878
0.0451543
0.0589908
0.0477433
0.0270209
0.0274259
0.0261474
0.0311894
0.0253406
0.0409178
0.0418001
0.03064
0.0107545
0.0292009
0.025582
0.050593
0.0306091
0.0405167
0.0404623
0.0277472
0.0418919
0.0257659
0.0435683
0.00261992
0.0249179
0.0349547
0.040432
0.0133564
0.0382953
0.0236607
0.00989723
0.0260113
0.0323671
0.035504
0.0358415
0.0407686
0.00290419
0.0308604
0.0367243
0.00251183
0.0341609
0.0169747
0.0223434
0.0343935
0.0239079
0.0284393
0.0422379
0.0220911
0.0335527
0.00539851
0.0229084
0.0223297
0.0425206
0.0044502
0.0129945
0.0201123
0.0385901
0.0255433
0.00209522
0.00421113
0.0380968
0.0364811
0.0214459
0.00699401
0.0149392
0.0299454
0.0338185
0.0367933
0.0210095
0.0413633
0.0385961
0.0257057
0.0464199
0.0274902
0.0303262
0.00120329
0.0339765
0.0268619
0.0404858
0.0394285
0.0445505
0.0226497
0.0327998
0.0237486
0.00876427
0.021127
0.0404046
0.0399911
0.0478005
0.0357409
0.0290068
0.0477433
0.0272667
0.0469341
0.0115089
0.0495501
0.0398989
0.0409178
0.0339765
0.0417747
0.0326063
0.0277472
0.0257659
0.0460875
0.0321735
0.0498781
0.0168087
0.016249
0.0438779
0.0163289
0.0396933
0.0321735
0.0310301
0.0250258
0.0381211
0.0268479
0.0496659
0.0189885
0.0307493
0.0304182
0.00979164
0.00432134
0.0375783
0.014241
0.0385413
0.0205039
0.0373172
0.0295505
0.0276381
0.0239561
0.00182247
0.0312806
0.0208802
0.0101942
0.0298654
0.0319313
0.0475212
0.0413064
0.03043
0.0314509
0.0266746
0.0356197
0.0424448
0.0423759
0.0466086
0.0109149
0.0328708
0.0403863
0.042157
0.0281295
0.0199758
0.0492873
0.0252936
0.0478023
0.0360969
0.0185587
0.0464583
0.00708076
0.00179935
0.0364811
0.00797656
0.0257659
0.0139657
0.0449798
0.028804
0.0257057
0.0302185
0.0449798
0.00705874
0.0426644
0.0250311
0.0365556
0.0139638
0.0398535
0.0358427
0.0454019
0.018639
0.000173628
0.0385971
0.0333145
0.0243244
0.0266536
0.0300226
0.0397545
0.0470097
0.0376503
0.040305
0.0413064
0.0315416
0.0337731
0.0377718
0.0340461
0.0349659
0.0334572
0.0391641
0.0441453
0.0351201
0.0318986
0.0302185
0.0495501
0.00107342
0.0213432
0.0096845
0.0214409
0.00850612
0.00821316
0.035192
0.0210918
0.0239079
0.0237418
0.0127588
0.0364074
0.0326942
0.0333269
0.0425206
0.0303598
0.031991
0.025203
0.0461375
0.0352867
0.0214362
0.030664
0.0118042
0.0108423
0.0314378
0.040432
0.0354425
0.03796
0.0343291
0.0165646
0.00951874
0.0407236
0.0403647
0.0416269
0.0352069
0.0288033
0.021265
0.0444275
0.0296881
0.0205357
0.0337851
0.0336306
0.0358415
0.00864643
0.0170804
0.043766
0.0331981
0.0454019
0.0273562
0.0106935
0.0246414
0.0251909
0.0142167
0.0234054
0.0255433
0.0325438
0.0307493
0.0130835
0.0298365
0.0449858
0.00830115
0.0466897
0.0157865
0.00930745
0.0128127
0.0266746
0.0139072
0.0201191
0.0299028
0.0371865
0.00181562
0.0311849
0.0123098
0.0312395
0.0251107
0.0268361
0.0230449
0.0187339
0.0407236
0.0227638
0.0234054
0.0407817
0.0335271
0.0220148
0.0391641
0.0267597
0.0451002
0.0226101
0.0280322
0.018283
0.0374689
0.0347489
0.0410629
0.0378425
0.00714344
0.0385971
0.0123831
0.00725134
0.0349659
0.0153476
0.0449798
0.0470426
0.0153476
0.0205357
0.0334368
0.012792
0.0387795
0.008591
0.032922
0.0351596
0.0380968
0.0280195
0.0188094
0.0279918
0.0364811
0.0166872
0.0394534
0.0385168
0.0202463
0.0430549
0.0148031
0.0288486
0.00827768
0.0277626
0.0219409
0.0291647
0.0468752
0.0469943
0.0396933
0.0385971
0.0288984
0.0318206
0.030156
0.0360872
0.0408455
0.0386855
0.00562197
0.0387063
0.00651783
0.0241502
0.00725134
0.0106075
0.0272968
0.0042147
0.020233
0.0204983
0.0240155
0.0265991
0.0178403
0.0278491
0.0382074
0.0282063
0.0287069
0.0386156
0.013774
0.00155496
0.0229722
0.0399878
0.0266536
0.0302185
0.0265269
0.0213075
0.0156999
0.0463786
0.0229731
0.0149834
0.00907382
0.0282554
0.0457919
0.0278491
0.0359645
0.0495501
0.0441881
0.0291044
0.0364804
0.0255069
0.00837439
0.00113308
0.0303966
0.00544715
0.0252931
0.0344644
0.0129115
0.00671297
0.00909562
0.0360969
0.0271549
0.00309232
0.00565667
0.0454019
0.0206706
0.00449318
0.0464583
0.0286873
0.0369797
0.0226398
0.0228391
0.0364811
0.00588036
0.015159
0.0255197
0.0303262
0.0169548
0.0404441
0.00514746
0.0328366
0.0288486
0.0398095
0.0276281
0.00754559
0.0332339
0.0246404
0.0185587
0.0299812
0.0362688
0.0189272
0.0239079
0.0479624
0.04288
0.0106075
0.00931165
0.00956738
0.00695741
0.0404114
0.0478005
0.0354052
0.0297263
0.029208
0.0116174
0.0360247
0.0140936
0.0224219
0.0416778
0.0274525
0.0403863
0.0249912
0.04059
0.0283384
0.0215056
0.0414269
0.0129032
0.0262836
0.0189885
0.0298952
0.0441453
0.0272867
0.0312806
0.0123098
0.0436878
0.02167
0.0282554
0.0357412
0.00814408
0.0396933
0.0398535
0.0380968
0.017533
0.0366903
0.0478005
0.0270801
0.0471978
0.0298703
0.0354441
0.0253698
0.0358427
0.0292589
0.0464199
0.0463529
0.0129115
0.0452194
0.0267519
0.0399012
0.0406787
0.031373
0.0341725
0.0112779
0.0283916
0.0122337
0.0300169
0.0314708
0.0251909
0.00989723
0.00170487
0.0199706
0.0323761
0.0151253
0.0229722
0.0261896
0.0137222
0.0203001
0.00420606
0.027871
0.0173408
0.0185587
0.0377164
0.0154732
0.0417737
0.0499268
0.0248184
0.0477433
0.0155929
0.0219606
0.0226545
0.0460875
0.0333958
0.045319
0.0153476
0.0129115
0.0444949
0.0482018
0.0277398
0.0255197
0.036053
0.00555018
0.0478005
0.0499896
0.00462282
0.0177329
0.050593
0.0288591
0.00827768
0.0251485
0.0215027
0.0313939
0.0253406
0.000372946
0.0452194
0.0245351
0.0326063
0.0382084
0.0298545
0.00555018
0.0101942
0.0302185
0.0215056
0.0294141
0.0294726
0.0495501
0.0192568
0.0253977
0.0495501
0.0193866
0.0367729
0.002693
0.00562197
0.0209705
0.00632394
0.0404441
0.021127
0.0261896
0.0203616
0.0488911
0.0261852
0.0419945
0.0395929
0.0369844
0.0318786
0.0295914
0.0279918
0.0398095
0.0344033
0.0474375
0.0109149
0.0111795
0.0449858
0.0264881
0.042187
0.0215056
0.0235087
0.033263
0.0215056
0.0463529
0.0102665
0.0296881
0.0291641
0.000304118
0.0418815
0.0404623
0.0349318
0.0111795
0.0421211
0.0314818
0.0213454
0.0162998
0.0314378
0.035504
0.0387749
0.0225255
0.0438569
0.0135087
0.0280322
0.00613332
0.0413695
0.013769
0.028685
0.0043385
0.0457948
0.0313298
0.0461869
0.0226101
0.0155929
0.0228968
0.0288033
0.0495042
0.0292199
0.0413656
0.0323761
0.0223297
0.0360872
0.0107545
0.02004
0.0321323
0.0100012
0.0212696
0.000984192
0.0227309
0.0181243
0.040019
0.00806725
0.0484267
0.0339765
0.0438569
0.0333232
0.050593
0.0391491
0.0257498
0.0176947
0.0367565
0.0304429
0.0241905
0.0291641
0.0271167
0.0452349
0.0301834
0.0153476
0.0277472
0.0385961
0.0234096
0.0312917
0.0200989
0.0391491
0.0477433
0.0477433
0.0308604
0.017299
0.0499896
0.00824785
0.0026949
0.0396051
0.0498686
0.0168087
0.023299
0.0120451
0.0214374
0.0439575
0.023595
0.0283154
0.0228391
0.042357
0.0154748
0.0126079
0.0319203
0.0399878
0.0408362
0.0403863
0.0465741
0.0313939
0.013307
0.0441881
0.0138659
0.0271379
0.0270801
0.0454019
0.0437623
0.0237486
0.0349547
0.0413263
0.00552237
0.0204302
0.0106075
0.0371087
0.0277472
0.0374493
0.0198671
0.0334368
0.0485158
0.0306309
0.0469242
0.00380415
0.0246731
0.0103818
0.00596586
0.0244458
0.0435683
0.0284413
0.0495501
0.0426303
0.0298703
0.0224219
0.0229084
0.0283916
0.00864643
0.0274994
0.0403863
0.0431142
0.0316409
0.00990415
0.0198455
0.0339387
0.0312917
0.0393018
0.0289727
0.0319203
0.0382953
0.0365255
0.0390488
0.0137729
0.027435
0.0272968
0.0416638
0.0452194
0.040432
0.0297199
0.0412673
0.0338185
0.0298952
0.0195058
0.0193843
0.0123098
0.0118073
0.0350503
0.023028
0.0292009
0.0275385
0.0308965
0.00595579
0.0152649
0.0435998
0.023028
0.0334267
0.00496438
0.0441392
0.0026949
0.027364
0.0484267
0.0404623
0.0346112
0.0288667
0.0323761
0.047876
0.0239539
0.0214593
0.0466348
0.0356036
0.0307052
0.0384302
0.0339014
0.0468752
0.000805914
0.0345078
0.0239539
0.0452194
0.0261896
0.014292
0.0495501
0.027951
0.0244458
0.00863187
0.0174819
0.0270115
0.0225255
0.035415
0.0321721
0.0403647
0.0447622
0.0400875
0.042157
0.0474565
0.0247583
0.0207566
0.0303537
0.0380968
0.0274259
0.0172017
0.0129365
0.0263342
0.0296881
0.0421905
0.0368357
0.042357
0.047876
0.0402976
0.00969478
0.0457919
0.013213
0.0263917
0.0333958
0.0391491
0.0325707
0.0327998
0.0237138
0.0495501
0.0237418
0.0263845
0.0314818
0.018639
0.0307565
0.0332576
0.0331914
0.0264881
0.0302981
0.0232161
0.0355439
0.0320179
0.0460587
0.017533
0.0225255
0.0160798
0.0216817
0.035593
0.0314708
0.00186872
0.0224061
0.0369925
0.0300169
0.0352136
0.0320099
0.0215648
0.0169441
0.0129343
0.0280489
0.00726631
0.0299275
0.0109149
0.0398095
0.0352069
0.050593
0.0400957
0.0116352
0.0291755
0.0283384
0.0154748
0.0438569
0.0423034
0.029802
0.050593
0.00728655
0.0109149
0.0155849
0.0312819
0.0350928
0.0282063
0.0253406
0.0261375
0.0294141
0.00553256
0.0392165
0.0244458
0.0337851
0.0399761
0.0350829
0.0354001
0.0319102
0.0298545
0.0364928
0.0326955
0.0353223
0.0339485
0.0154748
0.033767
0.0357392
0.0370945
0.0302185
0.0253406
0.00245857
0.0127588
0.0276445
0.0352917
0.0404623
0.0356197
0.0298871
0.0319313
0.0466897
0.0269786
0.0315356
0.0170804
0.0157254
0.0435998
0.0251055
0.0478005
0.0321323
0.0161547
0.0389775
0.0287721
0.00811338
0.0239539
0.0239539
0.0313982
0.0246378
0.0361098
0.0321323
0.0275361
0.0319353
0.0356036
0.0138047
0.038296
0.0356427
0.0271167
0.0334921
0.0240241
0.0294505
0.0346112
0.0371087
0.00148635
0.0265394
0.0333668
0.0209633
0.020233
0.0317843
0.0416269
0.012974
0.0364804
0.013307
0.00580502
0.0326063
0.0285039
0.0275385
0.0269525
0.0176576
0.0229722
0.0478005
0.0255197
0.0228653
0.0209633
0.00469652
0.0245637
0.00155496
0.0403647
0.0271549
0.0363075
0.00148635
0.0482475
0.0242968
0.0375503
0.0454647
0.025582
0.00170487
0.0177202
0.0301834
0.0175281
0.0488064
0.0380422
0.0408455
0.019433
0.0394534
0.00698227
0.00561404
0.0379279
0.0403647
0.0470342
0.0398535
0.0364811
0.00152913
0.0244458
0.0343941
0.016749
0.0492549
0.0184227
0.0469242
0.0307052
0.0426871
0.0213454
0.0282391
0.0149392
0.0517149
0.0408455
0.0258717
0.00829367
0.0410901
0.0366439
0.0249943
0.0452347
0.0435683
0.0381813
0.0321735
0.0320054
0.0327568
0.0366439
0.0202463
0.0291021
0.0201302
0.0495501
0.0418919
0.0276445
0.0463786
0.015159
0.00584707
0.0226083
0.0237122
0.0157207
0.0314708
0.0288591
0.0249943
0.0333145
0.0311849
0.011886
0.0244458
0.00837806
0.0379207
0.0106075
0.021316
0.00201964
0.0151253
0.0271549
0.0214593
0.0138119
0.0452349
0.0288267
0.0316409
0.0352069
0.0299028
0.02822
0.0355082
0.0189272
0.0165019
0.0228355
0.0358427
0.0324571
0.0364811
0.0412285
0.0131951
0.0107545
0.0423759
0.0292009
0.026497
0.0373135
0.0393104
0.016249
0.0328366
0.0214593
0.0432439
0.0163165
0.0381655
0.0403863
0.0282063
0.0259762
0.036967
0.0477433
0.0495501
0.0225255
0.000400022
0.0478005
0.0466086
0.0385971
0.0203616
0.0264881
0.0139968
0.0319138
0.0270801
0.0120862
0.0359645
0.0353488
0.0403153
0.02783
0.0107588
0.0376002
0.050593
0.0282063
0.00827768
0.0213233
0.0277009
0.0245351
0.00850612
0.0328672
0.0364804
0.0195756
0.0240241
0.0445116
0.0328672
0.0437975
0.0312917
0.0181243
0.0136096
0.0166446
0.0207566
0.0389775
0.0237418
0.00174567
0.0353904
0.0239079
0.0265269
0.0240155
0.0333958
0.0296623
0.0489757
0.0412962
0.0307741
0.0279918
0.0151253
0.00162137
0.0418815
0.0314378
0.0319313
0.0416991
0.0205357
0.0152503
0.0397497
0.0452347
0.0304429
0.0234054
0.035415
0.0263176
0.00458395
0.0326955
0.0460587
0.0229722
0.030268
0.000387907
0.0205357
0.0352797
0.0121513
0.0275361
0.0394367
0.0418496
0.0255197
0.0281107
0.0326899
0.0223157
0.0283356
0.0276381
0.00579709
0.0307493
0.0454019
0.042187
0.0357841
0.0344798
0.0364804
0.0237418
0.0397608
0.00173426
0.0237486
0.0250258
0.0156999
0.0393806
0.0250184
0.0474375
0.0339014
0.0159355
0.0127588
0.0277472
0.0307565
0.0195058
0.0423512
0.0300226
0.027435
0.0213454
0.0269538
0.0349666
0.0250634
0.0274994
0.0248184
0.0239079
0.0265372
0.011886
0.0284568
0.046382
0.0391392
0.0163289
0.0371208
0.0466348
0.0421708
0.0477433
0.0190918
0.0195755
0.0369925
0.0165646
0.0122519
0.0250021
0.0449407
0.000576198
0.0263176
0.0330412
0.0328366
0.0317416
0.047876
0.0274902
0.0414269
0.0447404
0.0306889
0.0250184
0.0404858
0.0473584
0.0389775
0.00930745
0.0367135
0.024317
0.0304182
0.0335101
0.00373796
0.029802
0.039721
0.0264623
0.0254675
0.0198676
0.0329318
0.00797056
0.0120516
0.0102011
0.0149697
0.0257498
0.016749
0.0139273
0.0363609
0.0365556
0.0297881
0.0490197
0.0304825
0.0274994
0.0313091
0.0391392
0.0475541
0.0431142
0.0223368
0.0303537
0.0317416
0.0219606
0.0297199
0.0288033
0.0363609
0.0267728
0.0137222
0.0412812
0.0285039
0.0314378
0.0223234
0.030648
0.0271736
0.00251183
0.035504
0.0159336
0.0428029
0.00989723
0.00768402
0.0304825
0.0371115
0.0370935
0.0210606
0.0263845
0.0236708
0.0468514
0.0271167
0.0385785
0.0307153
0.0321323
0.00699401
0.016749
0.0295505
0.0302148
0.0404192
0.0352069
0.0148031
0.046954
0.0315195
0.0364022
0.0499896
0.026337
0.0344798
0.00794242
0.0259208
0.013307
0.0382953
0.0482475
0.0382953
0.00172645
0.0353032
0.0106935
0.016749
0.0495501
0.0229722
0.0104104
0.0106075
0.0418496
0.0313972
0.0283384
0.00579709
0.0488064
0.0367729
0.0447404
0.0267597
0.0400494
0.0205357
0.00283867
0.0271379
0.0296866
0.0222552
0.0308965
0.0475541
0.0214459
0.027871
0.0112833
0.0264636
0.0106075
0.0269786
0.0169275
0.0241027
0.00774383
0.0425206
0.0123831
0.0394819
0.0321323
0.0150961
0.0258376
0.0363609
0.0234054
0.0200588
0.00821996
0.0170804
0.0237138
0.0259762
0.0344033
0.0238601
0.0477433
0.0230918
0.0263342
0.0101942
0.0026172
0.0195058
0.0319147
0.0250483
0.0213432
0.0326063
0.0358266
0.0327998
0.0269328
0.00409889
0.0254306
0.0449618
0.0282391
0.0274902
0.0261347
0.00852502
0.0477661
0.0387795
0.0478005
0.040432
0.0473584
0.0451986
0.0138047
0.0313043
0.0233867
0.0371683
0.0426871
0.00514746
0.0244437
0.00837806
0.015159
0.0288333
0.00723672
0.0454019
0.0492873
0.038017
0.0323297
0.0477433
0.0145061
0.0228391
0.00671297
0.0250184
0.0449618
0.0418467
0.0239327
0.0350685
0.0384302
0.0365174
0.0399658
0.0492873
0.0233982
0.0466897
0.0367933
0.0422379
0.0352917
0.0223434
0.0282554
0.028804
0.0399911
0.00106138
0.013774
0.0391641
0.0367729
0.03391
0.0421708
0.0283941
0.0302148
0.0270567
0.050593
0.0281733
0.0403153
0.050593
0.0496659
0.0299454
0.027871
0.0313043
0.0431142
0.0153476
0.0310301
0.0333232
0.0342655
0.0225255
0.0213233
0.02412
0.0337851
0.0364311
0.0150896
0.00876743
0.013774
0.00915244
0.0265278
0.0441881
0.0431142
0.0278234
0.00595579
0.035415
0.0250184
0.0325889
0.0300226
0.00407273
0.0388799
0.0335271
0.0305446
0.0287069
0.0350795
0.0388799
0.0479397
0.0258376
0.0306091
0.0270882
0.0265278
0.0261896
0.00418182
0.0288984
0.0187339
0.0358065
0.0423487
0.00924021
0.0357668
0.00939485
0.0465022
0.0322176
0.011886
0.0101942
0.0295505
0.032922
0.040432
0.0328672
0.0316644
0.00112928
0.0291641
0.0358427
0.0398095
0.026337
0.0344798
0.0457919
0.047876
0.0470893
0.0477661
0.0471065
0.0223434
0.0236204
0.0314509
0.0366439
0.00256765
0.0120862
0.00725134
0.0385168
0.0129115
0.04288
0.0300226
0.0154732
0.028804
0.0376546
0.0371251
0.00514746
0.0256395
0.0344798
0.0470342
0.0426871
0.0161547
0.0170804
0.0385971
0.0232161
0.00794242
0.0306309
0.0423633
0.0417747
0.0433692
0.0409178
0.0461375
0.0394534
0.032922
0.0455826
0.0295505
0.0275361
0.0237122
0.0393104
0.0189885
0.0257917
0.007761
0.0528138
0.000291169
0.0234054
0.0289038
0.0248184
0.0385411
0.0374689
0.0103189
0.0304826
0.0367986
0.0452253
0.035192
0.046975
0.00719041
0.0449798
0.0404192
0.0319913
0.0256298
0.0452253
0.0437739
0.0360434
0.0257659
0.042357
0.0199758
0.0153476
0.020273
0.0185587
0.0127962
0.0182589
0.0445219
0.0353996
0.0148031
0.0312917
0.0389775
0.0169548
0.0161133
0.00454807
0.0275361
0.0261852
0.00225991
0.028804
0.0254675
0.0397321
0.0173251
0.0413656
0.0313298
0.0296623
0.0139273
0.0407739
0.0373172
0.0371865
0.0192568
0.0358427
0.000387907
0.0271736
0.0373135
0.0170441
0.0176368
0.050593
0.0323297
0.0277472
0.00949359
0.0247583
0.0152856
0.0379207
0.0346276
0.0270827
0.00323197
0.0185988
0.0291021
0.0482475
0.00400613
0.029704
0.0265991
0.0219409
0.0423633
0.0333668
0.00973181
0.0356197
0.00176209
0.0214374
0.0398095
0.0251909
0.0382953
0.0451906
0.0470342
0.0326835
0.00838959
0.0312806
0.0399761
0.0355082
0.0352069
0.0137747
0.0477433
0.03391
0.00754559
0.0271549
0.0392147
0.0156999
0.0399878
0.0394819
0.0488911
0.0298545
0.0236708
0.026544
0.0216817
0.0198455
0.0185906
0.0385785
0.0343941
0.00309232
0.0495501
0.00544715
0.0385411
0.0275385
0.0398989
0.0371087
0.038296
0.0149604
0.0310792
0.0477433
0.0205004
0.0364811
0.0435998
0.0349666
0.02746
0.0426303
0.0414269
0.0154935
0.0263713
0.0152966
0.0304825
0.0351596
0.0287567
0.0250002
0.046382
0.0258717
0.0469341
0.0410138
0.0228968
0.0343941
0.0325707
0.0355439
0.0260263
0.0421708
0.0266536
0.00389481
0.0223157
0.0367577
0.0326955
0.0293206
0.00174612
0.0212696
0.0350685
0.000215918
0.0387063
0.0215056
0.0221357
0.0159355
0.0487588
0.0335527
0.0452349
0.0334368
0.0271379
0.040432
0.00400613
0.0270205
0.0380968
0.00990415
0.00613332
0.0396933
0.0451581
0.0308965
0.0448279
0.0109587
0.0261474
0.0281531
0.0354001
0.0251485
0.0093596
0.0348282
0.00921279
0.0335101
0.0356197
0.003851
0.0320099
0.0271379
0.0274902
0.048992
0.00553256
0.0277287
0.0421708
0.0478005
0.0320563
0.0356036
0.018421
0.0161547
0.0354052
0.0230093
0.036408
0.0414773
0.0314924
0.0193866
0.0159285
0.0352917
0.0488774
0.0423887
0.0041976
0.0118073
0.0136913
0.0270115
0.0153476
0.0281323
0.0330412
0.0425165
0.0145126
0.0311694
0.0437468
0.0385168
0.0441436
0.0423633
0.00725134
0.0403647
0.0226398
0.0398438
0.0253652
0.0258717
0.0129343
0.0352917
0.0165019
0.0355439
0.0351656
0.0453349
0.0219409
0.0234096
0.0194463
0.0478005
0.0274259
0.0260514
0.00705874
0.0426644
0.0366958
0.0422233
0.0360435
0.0289457
0.00705874
0.0431142
0.0181792
0.0426644
0.0287662
0.0357668
0.0250311
0.0291265
0.0120277
0.0335527
0.0220176
0.0189885
0.0387986
0.0487036
0.0237122
0.0257401
0.0127813
0.0221357
0.0188076
0.0344644
0.0433692
0.0101557
0.0106641
0.0250021
0.0308388
0.0391204
0.0426871
0.0304429
0.0112779
0.050593
0.0314924
0.0479693
0.0304825
0.0366054
0.0182374
0.0271736
0.0188076
0.0349003
0.0317843
0.0241027
0.0235921
0.0359276
0.04562
0.0195755
0.0139657
0.0451581
0.0385591
0.0223297
0.0270209
0.0151986
0.0271167
0.0277472
0.0323133
0.00309232
0.0348793
0.0214409
0.0261474
0.0492549
0.0459369
0.0215056
0.0281107
0.0271379
0.00343817
0.0437739
0.0394367
0.0448908
0.0335527
0.0401534
0.0331914
0.0452349
0.036053
0.0328672
0.0391088
0.0250021
0.0156999
0.0212768
0.0101057
0.0407422
0.0133448
0.0258112
0.0066583
0.0223368
0.0394367
0.0176003
0.0310328
0.0336619
0.0161547
0.0185988
0.0239603
0.046975
0.0466086
0.0274194
0.0260757
0.0256395
0.0385785
0.0197497
0.00154263
0.0497909
0.0253406
0.0335138
0.0347744
0.0423905
0.00688696
0.0319147
0.0210918
0.0333269
0.00840205
0.0464199
0.025582
0.0316409
0.0425206
0.00997573
0.0426016
0.0331981
0.021127
0.0300226
0.0475023
0.0385411
0.0254675
0.00527853
0.0335271
0.0291755
0.0445274
0.0167056
0.0372985
0.0351135
0.0299454
0.0207237
0.0443965
0.0255197
0.0349318
0.0251909
0.0376546
0.00864643
0.0162749
0.0216845
0.0404192
0.0191524
0.0299812
0.000465333
0.0237418
0.0387986
0.0219409
0.0231319
0.0162998
0.040896
0.0344512
0.0254675
0.0262143
0.0407739
0.02167
0.0295505
0.045319
0.0376002
0.0223234
0.0103818
0.0148215
0.0526012
0.0423487
0.0449858
0.0243646
0.0276381
0.0372162
0.0096845
0.0358192
0.0372761
0.0353223
0.0497909
0.0333668
0.0268897
0.0371832
0.040896
0.0351554
0.0281733
0.035569
0.0411832
0.0320435
0.0312045
0.0261896
0.0387795
0.0495501
0.0068042
0.0205357
0.0270882
0.0396933
0.0353125
0.0326063
0.0223297
0.00684297
0.031991
0.0154732
0.0318323
0.0167662
0.00864643
0.0245637
0.0148031
0.0127632
0.0207641
0.0342537
0.00485212
0.0220442
0.0268919
0.0278234
0.0299907
0.0382953
0.0366298
0.0424448
0.0425206
0.0210918
0.0254741
0.0205051
0.0367986
0.0223434
0.0264636
0.0487588
0.0473584
0.0342555
0.0398535
0.0226274
0.0314708
0.0474701
0.0270567
0.0265278
0.0463529
0.0371208
0.0364804
0.0176004
0.0253406
0.0361098
0.0271379
0.0189684
0.0359276
0.0439344
0.0330412
0.0328672
0.0406808
0.0140936
0.0344033
0.0315356
0.0488064
0.0426016
0.0345134
0.0159627
0.0419093
0.0353535
0.016936
0.032322
0.0303537
0.0151253
0.0026172
0.00588036
0.0399761
0.0394599
0.00632394
0.0441881
0.0203616
0.0398535
0.0360872
0.0135784
0.0253698
0.00313878
0.0475946
0.0110685
0.0323671
0.0261474
0.00688696
0.0466567
0.0413956
0.0202463
0.0139657
0.0251909
0.0106984
0.0319147
0.0411832
0.020233
0.0581485
0.0225091
0.0243244
0.0369287
0.0285039
0.0252518
0.0312917
0.035744
0.0423633
0.0424448
0.0320435
0.0261896
0.0214593
0.0376503
0.0323297
0.035415
0.0246974
0.0285039
0.0242461
0.0398989
0.050593
0.0349666
0.0313043
0.0296881
0.0142049
0.0292199
0.0288925
0.0366958
0.0165415
0.013769
0.0270567
0.0161133
0.0403647
0.0156999
0.0302185
0.0287738
0.0484729
0.0237504
0.0297199
0.0128127
0.0203001
0.0288267
0.0150896
0.00539851
0.013774
0.0236607
0.0253977
0.0479397
0.0248184
0.025203
0.0349547
0.0364811
0.016249
0.0128127
0.0195755
0.0303537
0.0214459
0.00768402
0.00578839
0.042187
0.0374147
0.0345078
0.0363168
0.0271167
0.0342304
0.0293206
0.0377479
0.0270882
0.0484267
0.027871
0.0100857
0.0387749
0.0135784
0.0226398
0.00538564
0.04059
0.0249943
0.0229722
0.0363634
0.0412962
0.0437251
0.0311894
0.0369608
0.0452253
0.0313298
0.0235177
0.0365959
0.0387986
0.0413695
0.0140936
0.0152856
0.0182092
0.0310328
0.0236204
0.0244458
0.0219324
0.0224451
0.00688696
0.00705874
0.0122519
0.0101557
0.0385411
0.0452349
0.0214635
0.0379495
0.0184468
0.0267728
0.0150827
0.0248184
0.0382953
0.0452253
0.0464583
0.0293097
0.00463873
0.0207875
0.00671363
0.0291647
0.0406787
0.0128127
0.0253968
0.0215616
0.0461428
0.0303262
0.035415
0.01799
0.00794107
0.0148031
0.040896
0.0213454
0.0131543
0.0308965
0.0102011
0.0223434
0.026549
0.0219076
0.0287069
0.005319
0.0155929
0.0475946
0.0470342
0.0418919
0.0237418
0.00680156
0.00176954
0.00359416
0.0267728
0.0138516
0.0351554
0.021261
0.0271379
0.0371832
0.0429961
0.0267597
0.0350795
0.0106075
0.011886
0.0044502
0.0268317
0.0364311
0.023028
0.00962532
0.0229777
0.0364311
0.0258466
0.00909562
0.0235177
0.0195755
0.0368357
0.0410772
0.0162998
0.0448617
0.0209705
0.0279918
7.11083e-05
0.0429961
0.0161053
0.00555119
0.024636
0.0281088
0.0444275
0.0477433
0.0223434
0.0263917
0.0235087
0.00684297
0.0313982
0.0414773
0.0320054
0.0216845
0.0192568
0.0272968
0.0404858
0.0360969
0.0166725
0.0253698
0.0339163
0.0392491
0.0358427
0.0303598
0.0416481
0.050593
0.0400957
0.0416045
0.0339485
0.0426016
0.00297695
0.0292009
0.0439245
0.0409753
0.0112597
0.0264475
0.0143249
0.0254741
0.0328657
0.0272968
0.00106001
0.0465022
0.0411603
0.0418815
0.0477433
0.0333232
0.0369287
0.0359276
0.000689268
0.0367986
0.0438569
0.00821096
0.0379032
0.00535208
0.0203616
0.0253652
0.0385785
0.0282063
0.0409178
0.0351596
0.0257057
0.0221108
0.0451543
0.0270214
0.0334368
0.00183755
0.0331981
0.0267568
0.0392763
0.0470097
0.0257498
0.0258376
0.0210095
0.0344798
0.027364
0.0205357
0.0102011
0.0306091
0.0283356
0.0269525
0.0118739
0.0299454
0.0204214
0.00176752
0.046975
0.00956738
0.0437975
0.0405311
0.0299782
0.000416368
0.0368357
0.0359645
0.0394534
0.0371251
0.0337851
0.0253406
0.02412
0.021471
0.0253698
0.0387795
0.00761602
0.0131181
0.0316401
0.0128127
0.020233
0.00720996
0.03043
0.0423759
0.00794107
0.0360434
0.0371087
0.0402261
0.0314775
0.0207755
0.0463529
0.0312806
0.0404858
0.0255197
0.0369797
0.0429851
0.0463786
0.017299
0.0292463
0.0223434
0.0323852
0.0316636
0.0225255
0.0240241
0.00589278
0.0312917
0.0232161
0.0239079
0.0298365
0.0116435
0.0152966
0.0228355
0.0252936
0.0235524
0.0285039
0.0337101
0.0349666
0.0279875
0.00197741
0.0306091
0.0382953
0.0316636
0.0143801
0.00924557
0.0216579
0.0210918
0.0274259
0.0281107
0.0221357
0.0488911
0.0206706
0.0285039
0.0396051
0.0235177
0.0214376
0.0431142
0.0323207
0.0107545
0.0212768
0.00128931
0.0198676
0.0223434
0.00595579
0.0305159
0.0122519
0.00452524
0.0431142
0.0435683
0.00988058
0.0281107
0.0418919
0.000304118
0.0148215
0.0308776
0.0365556
0.00705485
0.0469302
0.0269786
0.0185587
0.0445116
0.0398438
0.0265546
0.045319
0.0371208
0.0313043
0.0373348
0.0116435
0.0119311
0.0128891
0.0302191
0.0452571
0.0338185
0.0366439
0.0456214
0.0226101
0.021261
0.0368347
0.0286021
0.0279829
0.0302185
0.0367729
0.0260695
0.000387907
0.0258805
0.0258316
0.0110848
0.0345078
0.0219409
0.0271549
0.0376122
0.0243399
0.0282391
0.0215056
0.0293206
0.0243244
0.0445505
0.0417737
0.0172262
0.0367243
0.00356296
0.0148912
0.0526012
0.0228774
0.0237418
0.0317843
0.0273093
0.0388799
0.0337731
0.0093587
0.0294141
0.0478023
0.0140684
0.050593
0.0382084
0.0220298
0.0244458
0.0388029
0.0372537
0.0308776
0.0219409
0.0221357
0.0387005
0.0469943
0.0452194
0.0397545
0.0364811
0.0254855
0.0465022
0.0391641
0.000704765
0.0455826
0.0213075
0.0391641
0.0271379
0.0228863
0.0261896
0.0198455
0.037616
0.0270827
0.0106075
0.0304429
0.0243399
0.0223368
0.0243646
0.0410629
0.0303752
0.0406808
0.0311849
0.0174975
0.0207566
0.0460668
0.0428029
0.0280322
0.0371208
0.046975
0.0170804
0.0226274
0.035415
0.0366587
0.0362688
0.0477433
0.0353223
0.0317843
0.0321721
0.0323297
0.0376002
0.0207893
0.0347854
0.0335101
0.024534
0.0230449
0.0452194
0.0304635
0.0349228
0.0488064
0.0452347
0.0348926
0.0283356
0.00463873
0.0413952
0.0193866
0.030268
0.0363075
0.0185587
0.0364906
0.0337731
0.0437251
0.0392763
0.0246731
0.044267
0.0125083
0.0495501
0.0335138
0.0300226
0.040019
0.0198671
0.0288591
0.0261896
0.0169526
0.0213454
0.0282063
0.0350503
0.0412581
0.0275385
0.00176953
0.0304429
0.0443751
0.0388493
0.0374689
0.0436878
0.0240241
0.0299812
0.0350795
0.0282554
0.0295914
0.0239079
0.0047541
0.0210918
0.00935924
0.0349666
0.0192486
0.0215549
0.0253652
0.036408
0.0406916
0.0398535
0.0314378
0.0274194
0.0490197
0.0206942
0.0418815
0.0207484
0.0239561
0.013774
0.0186971
0.0295505
0.0388493
0.0247284
0.0388029
0.0082835
0.0118073
0.0439726
0.0287567
0.0125991
0.00227022
0.0297489
0.0352917
0.0452349
0.0370935
0.0317843
0.0321721
0.0356036
0.040902
0.00539851
0.0250311
0.0337731
0.0264881
0.0364804
0.0390488
0.0460875
0.0323126
0.0159355
0.0473655
0.0239079
0.0404114
0.0354441
0.0226497
0.0282554
0.0106641
0.0261474
0.0423167
0.00655144
0.0123098
0.0368357
0.0304825
0.016749
0.0403647
0.0246731
0.0448279
0.010583
0.04059
0.0379007
0.017299
0.0241905
0.0493991
0.0411832
0.0103189
0.0213233
0.0326963
0.0335271
0.0457919
0.03391
0.0448908
0.00937319
0.0287738
0.0312806
0.0305159
0.0419093
0.033767
0.0385961
0.0359645
0.0214712
0.0247118
0.0106075
0.040432
0.0328657
0.0282554
0.040902
0.025582
0.0379377
0.0271167
0.0261896
0.0157207
0.0149693
0.000872195
0.0449618
0.017022
0.0266536
0.0207566
0.0363075
0.0267728
0.0239582
0.0281747
0.0274259
0.0151986
0.0352917
0.0320563
0.0288925
0.0291044
0.0269786
0.0236868
0.0390488
0.0252873
0.0350847
0.036991
0.0373172
0.0430163
0.0289576
0.025203
0.0454647
0.011886
0.0211565
0.0410901
0.0213233
0.0478005
0.0381655
0.0344033
0.0276445
0.0448908
0.0321323
0.0130768
0.0116872
0.0358415
0.039669
0.0381813
0.0408362
0.00217599
0.0297199
0.0400302
0.0182092
0.0108537
0.0342767
0.0216817
0.0286021
0.0319313
0.0275361
0.0235177
0.0382074
0.000444293
0.03391
0.0275385
0.0427315
0.0100857
0.0312395
0.0151037
0.0288486
0.0216845
0.0385411
0.0313043
0.0416025
0.0241027
0.0364906
0.0295505
0.0409178
0.04562
0.0282554
0.0460749
0.0353032
0.0359276
0.0166281
0.00810844
0.0404764
0.0244458
0.0418919
0.0302185
0.0179981
0.0492873
0.0288667
0.0239539
0.0185906
0.0326063
0.0366958
0.00524953
0.0271736
0.04562
0.0299454
0.047876
0.00586423
0.0304429
0.0323297
0.0444275
0.032322
0.0162407
0.0451986
0.0239539
0.0154935
0.0367729
0.0445274
0.0181243
0.0173617
0.00210923
0.0198676
0.0188094
0.011471
0.00697464
0.0112779
0.0288267
0.0374963
0.0413274
0.0392222
0.0385971
0.0463529
0.0265657
0.0257057
0.0288267
0.0292199
0.0439324
0.0407422
0.0223368
0.0417503
0.0350795
0.00555018
0.050593
0.0253406
0.0101942
0.0157207
0.0251107
0.0118458
0.011886
0.0236868
0.024317
0.0205357
0.0268619
0.0497909
0.029238
0.0377438
0.031991
0.0477433
0.0234054
0.0270801
0.0218763
0.0201191
0.0127873
0.0292199
0.04059
0.0200182
0.0303262
0.0365174
0.0145689
0.0367135
0.0282554
0.00838959
0.0195755
0.0406787
0.0321735
0.048992
0.0364906
0.0350685
0.046382
0.0173651
0.038296
0.0299124
0.0182374
0.0392019
0.0274259
0.0104493
0.0219409
0.0223434
0.0276281
0.0375462
0.0390488
0.0351554
0.0396933
0.0298545
0.0403153
0.0418467
0.0454647
0.0236607
0.0363075
0.0255871
0.0212153
0.00864643
0.0302148
0.0457919
0.00838685
0.0423759
0.0269786
0.0137087
0.0316401
0.0331981
0.026497
0.0250493
0.0438302
0.0323852
0.0126183
0.00956738
0.017022
0.050593
0.0334777
0.0103189
0.0203001
0.0411832
0.0198024
0.0320179
0.0238262
0.0185906
0.0146819
0.0287069
0.00191551
0.0322164
0.0314924
0.0161053
0.0256298
0.0314378
0.0359645
0.0250634
0.015159
0.0339485
0.0487036
0.0445361
0.0148215
0.0353223
0.0393018
0.0248267
0.0291641
0.0314555
0.0108626
0.0387749
0.0425206
0.0160798
0.0495501
0.029208
0.0269328
0.0348608
0.0388799
0.0237923
0.0134522
0.0477433
0.0410772
0.00607866
0.0405167
0.0495501
0.0397497
0.0261375
0.0189272
0.0402261
0.000416368
0.0448279
0.0397497
0.0100857
0.030156
0.0429851
0.0137729
0.0229722
0.0452349
0.0307398
0.00533576
0.0181674
0.000576198
0.0237486
0.0250258
0.0408362
0.0484267
0.0469341
0.0323297
0.0484267
0.0167662
0.011029
0.0492783
0.0292284
0.0154935
0.024317
0.0478005
0.0488774
0.0304429
0.0250021
0.0244142
0.0385168
0.0251485
0.0422233
0.0279875
0.0423759
0.028195
0.00969478
0.00266422
0.0259826
0.0164439
0.0377479
0.0426303
0.0371115
0.0413695
0.0253977
0.0214374
0.03391
0.0227099
0.0245351
0.036408
0.0104262
0.0224451
0.0495501
0.0223368
0.02783
0.011886
0.0179251
0.0269525
0.0201302
0.0317843
0.0146974
0.0479397
0.0278435
0.00632394
0.0399658
0.035192
0.0106413
0.00245857
0.0044961
0.0426763
0.00659662
0.0334368
0.0419093
0.00771993
0.0473655
0.0438779
0.0304429
0.0438248
0.0364206
0.0268297
0.0249943
0.0423034
0.0225255
0.00955805
6.00517e-05
0.0100197
0.0194206
0.0244458
0.0245754
0.0198676
0.0351135
0.0403647
0.0395032
0.0263845
0.0257057
0.00313878
0.0270209
0.0226398
0.0449618
0.0181243
0.0550234
0.0304825
0.0318206
0.0283356
0.00896585
0.0253406
0.0451906
0.0308388
0.0260931
0.0263917
0.0474375
0.0478005
0.0272968
0.0293206
0.033216
0.0186341
0.0112597
0.0353535
0.0212768
0.0288267
0.0379377
0.0307187
0.0319102
0.0213075
0.0299454
0.0283356
0.00281131
0.031785
0.000805914
0.0317843
0.0138501
0.00596124
0.0460668
0.0353125
0.0426016
0.0253406
0.0293206
0.0438779
0.0278234
0.0274194
0.0336619
0.0186096
7.11083e-05
0.00348479
0.0352424
0.0427653
0.032922
0.0460668
0.0199706
0.0295505
0.0223234
0.0342655
0.0407422
0.030957
0.0326942
0.0359276
0.0120862
0.0203616
0.0224219
0.0457919
0.0270567
0.0463529
0.0391204
0.0030309
0.0201835
0.0149834
0.0423759
0.0321735
0.0244458
0.00811338
0.0382074
0.0288033
0.0307187
0.0320099
0.0437739
0.00489444
0.0386156
0.00977457
0.0495501
0.0258466
0.0401534
0.0385411
0.0261347
0.00496438
0.0433692
0.0258346
0.00632394
0.0397987
0.0270567
0.037616
0.0188792
0.0408455
0.0360969
0.0306044
0.0360872
0.0412673
0.046975
0.0311849
0.0493572
0.0289131
0.035504
0.0224219
0.0372377
0.0495501
0.0360969
0.0277472
0.0326024
0.0276445
0.027871
0.0258927
0.0219409
0.0219076
0.042087
0.0365525
0.0400875
0.0308673
0.0320563
0.0470097
0.0153476
0.0285039
0.0316534
0.0137729
0.0242447
0.00204308
0.00493091
0.0226274
0.0278491
0.0370607
0.0360969
0.0488064
0.0241027
0.0321323
0.00956738
0.0382953
0.0101826
0.027804
0.00726631
0.04059
0.0272968
0.0457919
0.0251909
0.0214376
0.0228978
0.0443965
0.0367565
0.04059
0.0165646
0.00930575
0.00489444
0.00257519
0.0164439
0.0108246
0.0367729
0.0277626
0.0470426
0.0128127
0.0268934
0.0292009
0.0212768
0.0234054
0.0404858
0.0271379
0.0205252
0.0311694
0.0247119
0.0123098
0.0371115
0.0412673
0.036991
0.0270567
0.0429177
0.0394534
0.0100895
0.0350829
0.0265372
0.00384349
0.00244981
0.0449618
0.0274194
0.0478005
0.0246731
0.0281107
0.0353996
0.0311694
0.0159285
0.050593
0.0371087
0.000653923
0.0250258
0.0275385
0.0163165
0.0289457
0.0471065
0.0427653
0.0391382
0.0324327
0.0428193
0.029704
0.0108626
0.0217573
0.0406787
0.00725134
0.0166211
0.0359276
0.0372162
0.0478005
0.0329288
0.0393375
0.0122263
0.0148031
0.0265546
0.0311894
0.00181216
0.0136913
0.0226398
0.00309232
0.0214459
0.0245637
0.00979419
0.035504
0.0348926
0.0334368
0.0255784
0.0257498
0.0357668
0.047876
0.032636
0.00866771
0.0323297
0.0430456
0.0248184
0.0281295
0.0463786
0.0284413
0.0134833
0.0219409
0.0279875
0.0348926
0.0474426
0.0413956
0.00954565
0.0416025
0.0289576
0.0223297
0.0270016
0.0302185
0.00598064
0.0282063
0.0326705
0.0255197
0.0241027
0.0381813
0.0282063
0.0373172
0.0262143
0.0199758
0.0120516
0.0107588
0.0332339
0.0212696
0.00818408
0.00671297
0.0311288
0.0228391
0.0376503
0.0287738
0.0178405
0.0189885
0.035744
0.0377164
0.00555119
0.0214376
0.0198671
0.00959331
0.0272059
0.0339163
0.0101942
0.0291641
0.0400957
0.0138659
0.000686258
0.0438569
0.012655
0.0125337
0.0403506
0.0260906
0.0400494
0.011886
0.0206585
0.0428065
0.0402988
0.0465487
0.0352917
0.0271167
0.0151253
0.036408
0.00183755
0.01014
0.0224219
0.0120683
0.0371683
0.0123098
0.0273967
0.0331981
0.0314924
0.02783
0.0452347
0.0410629
0.0217886
0.0279875
0.0342767
0.0408455
0.00997573
0.0385411
0.0269525
0.0329288
0.0422233
0.035744
0.0285039
0.026549
0.0107545
0.0423633
0.0353223
0.0302185
0.0243331
0.0384302
0.0443467
0.0233982
0.00229043
0.035192
0.016749
0.050593
0.00728655
0.00380415
0.0185124
0.0261878
0.0257057
0.0379377
0.0261837
0.0209633
0.0285039
0.0288925
0.0497586
0.00821316
0.0360969
0.0418919
0.0124805
0.0272867
0.0261852
0.0402988
0.033263
0.00709766
0.0474565
0.0107326
0.0178933
0.00373796
0.0297263
0.0334267
0.00705874
0.0258316
0.0366958
0.011886
0.0106075
0.0314378
0.0216011
0.0413367
0.0279918
0.0355439
0.039231
0.0298952
0.0463529
0.0228774
0.0465327
0.0380968
0.0197497
0.00183755
0.0252808
0.0371208
0.0292199
0.0410857
0.0351201
0.0270882
0.0224219
0.0106075
0.0478005
0.00949359
0.0310328
0.0412962
0.025831
0.0340958
0.0285039
0.0377164
0.00107282
0.0374407
0.0352917
0.0478461
0.0173321
0.0307398
0.00418182
0.0219076
0.0228391
0.0501131
0.0111109
0.0234914
0.0237486
0.0460668
0.0477433
0.018421
0.0409178
0.0364074
0.0364928
0.0297489
0.0394285
0.0204963
0.0138047
0.0382953
0.0223434
0.0258316
0.0377718
0.00149312
0.0321721
0.0466348
0.0253698
0.0280489
0.0213454
0.0212153
0.0288925
0.00910896
0.0320563
0.0293206
0.0386735
0.0426644
0.0205065
0.0250493
0.0465327
0.0407739
0.012655
0.00424749
0.0258112
0.0252809
0.0131951
0.0413431
0.0400875
0.0125337
0.0371832
0.0443751
0.0122519
0.0176947
0.0436008
0.00555119
0.0257659
0.0313043
0.0438369
0.0425206
0.040019
0.0234096
0.046954
0.0258927
0.0470342
0.04059
0.0295505
0.0410772
0.039231
0.00951874
0.0270567
0.0284568
0.0421708
0.0259208
0.0335271
0.0048359
0.050593
0.0166866
0.0176947
0.050593
0.0232161
0.0276281
0.011886
0.00949359
0.0340461
0.0270882
0.0260757
0.0298654
0.0455826
0.0295914
0.045311
0.0173321
0.0164439
0.0224219
0.033497
0.0384302
0.0264881
0.0492873
0.0371251
0.0380968
0.0264475
0.0253698
0.0223297
0.0352069
0.0313298
0.046382
0.0439575
0.0223157
0.0255197
0.0136913
0.0400875
0.0151986
0.0152498
0.000704765
0.0496659
0.0352102
0.0490197
0.037459
7.11083e-05
0.0213454
0.0391641
0.0373172
0.00585741
0.0282063
0.00792325
0.0126486
0.0437688
0.0305365
0.0358427
0.0320563
0.0387986
0.046975
0.0371251
0.0326277
0.0335101
0.0288667
0.0364811
0.0386156
0.0283384
0.0139657
0.02957
0.0112779
0.0181394
0.0225255
0.0229722
0.0393104
0.0299028
0.0282063
0.033767
0.0101057
0.0268699
0.00791228
0.0351554
0.0339765
0.0189272
0.0251485
0.0451906
0.0275361
0.0355793
0.0364804
0.0378425
0.0281107
0.0419093
0.0401039
0.0385168
0.00151718
0.0363555
0.0253406
0.0269786
0.0315195
0.011886
0.0134522
0.0219076
0.0263845
0.0136096
0.0302773
0.00596586
0.0261347
0.00946236
0.0292589
0.0430163
0.0316534
0.00999756
0.000773966
0.0400494
0.0226274
0.0447404
0.0369844
0.0350503
0.0373172
0.0120683
0.0258376
0.0314924
0.0205822
0.011712
0.03796
0.0418815
0.0441881
0.0410138
0.0215056
0.0212696
0.0163165
0.031991
0.0307493
0.0354638
0.0261852
0.0362951
0.0261347
0.0393806
0.0385961
0.0335527
0.0254306
0.0165646
0.0349659
0.013774
0.0396933
0.0212768
0.0274259
0.0100895
0.0111795
0.0295505
0.0370945
0.0421708
0.0404114
0.032922
0.0345078
0.00245857
0.0286043
0.0107545
0.0275361
0.0158851
0.00658157
0.027435
0.0213454
0.0448279
0.0170012
0.0460749
0.0418919
0.00555119
0.0350829
0.0214374
0.0364804
0.0244556
0.00827768
0.0134435
0.0498686
0.0435998
0.0176947
0.0412581
0.0298952
0.0342537
0.0387986
0.0151747
0.0307052
0.0385591
0.028757
0.0339485
0.000173628
0.0395828
0.0358266
0.0213626
0.00617319
0.0401449
0.0362688
0.0482475
0.0326835
0.0364811
0.0381813
0.0122615
0.0149327
0.00418182
0.0261474
0.00909562
0.0265127
0.0357668
0.0386855
0.0286353
0.0423759
0.0302767
0.0335527
0.0248002
0.0364804
0.00229928
0.0437688
0.0288486
0.0163107
0.043048
0.040305
0.0274525
0.00120329
0.0209329
0.0445274
0.0140936
0.0359877
0.00595579
0.0470342
0.0134641
0.0177007
0.0416025
0.00323197
0.0123831
0.0127378
0.0347854
0.0119311
0.037616
0.0211244
0.0376546
0.0376617
0.0385886
0.0265657
0.0153476
0.0299812
0.0288333
0.0243331
0.0351201
0.0391491
0.0330412
0.0165646
0.0369608
0.0449428
0.0367565
0.0275361
0.0185988
0.00984913
0.0178637
0.0296611
0.0169548
0.0394285
0.0339014
0.0484405
0.0326955
0.0254741
0.0114108
0.016749
0.0353904
0.0348914
0.0302185
0.032922
0.0452349
0.0288333
0.0044961
0.00882059
0.0229731
0.0292009
0.0288333
0.0381655
0.0351201
0.0111795
0.035593
0.0445219
0.0408159
0.0245351
0.0347854
0.0428065
0.0425615
0.0240241
0.042157
0.0398438
0.0299907
0.0270209
0.0153545
0.00788388
0.0272908
0.0315195
0.0304429
0.0271549
0.0344798
0.0137087
0.0353223
0.0191524
0.0461428
0.0351031
0.0404266
0.0319147
0.0492873
0.0458379
0.0352434
0.0302185
0.032636
0.00632394
0.0255197
0.0376617
0.0418815
0.0352069
0.0478005
0.0096845
0.0248184
0.0104833
0.0356427
0.0234054
0.0412673
0.04562
0.0166991
0.0381813
0.0178933
0.00989723
0.00689119
0.0308965
0.0274259
0.024317
0.0257498
0.0220911
0.050593
0.0355439
0.0404858
0.0288267
0.053309
0.00323197
0.0254675
0.0313043
0.02861
0.0371178
0.0412673
0.042157
0.0097059
0.0496659
0.0492549
0.0257498
0.0285265
0.0385785
0.0119311
0.0289576
0.00814408
0.0223234
0.0288591
0.00566083
0.0293097
0.0363075
0.0495501
0.0270567
0.0244423
0.0328514
0.0163165
0.0307602
0.0101942
0.0274194
0.0255871
0.0338185
0.0223157
0.0373348
0.00418182
0.0261375
0.0218665
0.0276281
0.0289576
0.0248601
0.0133932
0.0323852
0.0255871
0.0293206
0.0409178
0.0323761
0.0363075
0.0294141
0.043766
0.0219409
0.0460875
0.0254306
0.0353223
0.0239561
0.0281535
0.0349666
0.0351031
0.0469242
0.0135471
0.0223434
0.00999756
0.00543839
0.0226847
0.0209633
0.0165646
0.0428029
0.017022
0.0255294
0.0173301
0.024317
0.0281323
0.0257057
0.0301699
0.0413148
0.0490197
0.00544715
0.0189272
0.0323133
0.00323197
0.000140667
0.0371865
0.00667864
0.0441881
0.0206942
0.0461869
0.0107545
0.01799
0.0153476
0.0438302
0.0253698
0.0387749
0.0316534
0.0298952
0.0324327
0.0102673
0.0226398
0.0288033
0.0458476
0.0262143
0.0305446
0.0169441
0.027513
0.00949535
0.0418919
0.0239539
0.00151718
0.0396239
0.00313878
0.0112833
0.0392491
0.0217573
0.0339485
0.039241
0.0320054
0.0431142
0.0190287
0.0344722
0.0302773
0.0423512
0.0449428
0.00323197
0.0400302
0.0404266
0.00962532
0.042146
0.00778085
0.0357392
0.0263343
0.0304825
0.0228391
0.0251485
0.0348608
0.0423759
0.0244458
0.0260113
0.0360247
0.0265657
0.0448279
0.00794242
0.00725134
0.0460875
0.0350503
0.0379207
0.0108246
0.0224061
0.00463873
0.0195755
0.0271736
0.0333668
0.0162998
0.0136096
0.0289131
0.0463529
0.00588036
0.0216851
0.0253977
0.0495501
0.0404192
0.0101057
0.0388799
0.0475541
0.0270567
0.0148803
0.050593
0.000594854
0.0305446
0.0215783
0.0310301
0.0338185
0.0274902
0.0227638
0.0244458
0.0154748
0.0160128
0.0214459
0.0469242
0.0253576
0.0246414
0.0333145
0.0341725
0.0369797
0.0349659
0.0488911
0.0192568
0.00813614
0.00465262
0.0339765
0.0282554
0.0345134
0.0148912
0.0233248
0.0312178
0.0271594
0.0270882
0.0269786
0.0350503
0.0363555
0.0214374
0.0226101
0.0208802
0.00455999
0.0306889
0.0276281
0.0380484
0.0255197
0.0261474
0.0358427
0.035569
0.0153352
0.0423759
0.0263342
0.0302773
0.025203
0.0319313
0.0205604
0.0368357
0.0319203
0.0114208
0.0358427
0.00890791
0.0557279
0.0330412
0.0137729
0.00251183
0.0160211
0.037459
0.0460587
0.0330847
0.0263176
0.0161523
0.0270428
0.0399878
0.0134435
0.0313043
0.0250021
0.0498781
0.0452194
0.00240809
0.0381655
0.0263342
0.02957
0.047876
0.0314509
0.0178933
0.0153476
0.0412581
0.00715953
0.04085
0.0214362
0.012154
0.0368357
0.0255784
0.0205051
0.0270567
0.00381948
0.0360819
0.0235177
0.0328366
0.0435683
0.0323126
0.0257951
0.0394082
0.0351031
0.0289448
0.00813614
0.021127
0.0385971
0.0186701
0.0310301
0.031785
0.0403153
0.0223234
0.04288
0.030957
0.0238262
0.0220782
0.020273
0.04059
0.0255197
0.0126183
0.0307052
0.031785
0.0230918
0.0304635
0.0423905
0.017145
0.0163165
0.0357668
0.0253406
0.0452194
0.034144
0.037459
0.0348926
0.0497909
0.0394082
0.0337417
0.014974
0.00362265
0.0348914
0.00274761
0.046975
0.0395929
0.0213332
0.0214709
0.0326955
0.045716
0.0352917
0.046382
0.0314555
0.0101057
0.0139253
0.0474375
0.00258631
0.0311894
0.0367135
0.0299907
0.0478005
0.0251055
0.00728655
0.0161133
0.0359199
0.023028
0.0426303
0.00447321
0.00539851
0.017533
0.0399911
0.042157
0.0288336
0.0173301
0.0269786
0.0228863
0.0223157
0.0379377
0.0274194
0.0210168
0.0344798
0.0202065
0.0210918
0.0246414
0.050593
0.00979164
0.0110081
0.0408455
0.0026172
0.0346002
0.0427315
0.0469302
0.0233368
0.0205004
0.0336338
0.0347987
0.0458476
0.00595579
0.0282063
0.0151253
0.0326955
0.0119402
0.0313091
0.0328657
0.0235177
0.0338185
0.0112833
0.0304825
0.00543839
0.0388799
0.0360858
0.00186872
0.0336468
0.00290419
0.0330412
0.0398115
0.0484267
0.0367243
0.0304826
0.0321721
0.0259406
0.0444275
0.0188076
0.0377718
0.0123831
0.0371865
0.0368357
0.0100857
0.00962532
0.0388493
0.025471
0.0379032
0.0165646
0.0340461
0.0249912
0.017299
0.0478005
0.023187
0.0400407
0.0339387
0.0126205
0.0316644
0.0136773
0.0258376
0.0269182
0.00705485
0.0131844
0.0323852
0.0417503
0.00688696
0.0352434
0.0288591
0.0351656
0.00852502
0.0427653
0.0404858
0.0205065
0.0371087
0.0360819
0.0153476
0.0257057
0.016249
0.0302185
0.0340461
0.0288033
0.046382
0.016831
0.021127
0.0304826
0.0369797
0.0093794
0.0408455
0.0296623
0.030957
0.0429961
0.0449798
0.0338817
0.0253406
0.00821316
0.0380484
0.0296866
0.0379207
0.0274259
0.0320563
0.0463529
0.0289448
0.00864643
0.0295914
0.0135784
0.02167
0.0395368
0.0265675
0.0465365
0.0163894
0.0246414
0.042087
0.0214459
0.039009
0.0107545
0.0305365
0.0377941
0.0259826
0.024636
0.0461428
0.0457919
0.0337851
0.0275361
0.00313878
0.017533
0.0249231
0.0284413
0.0149604
0.0261896
0.0377718
0.026256
0.0252518
0.0391641
0.0318323
0.00726631
0.019433
0.0258112
0.0245754
0.0409753
0.0410772
0.00172645
0.000805914
0.0325438
0.0163751
0.000140667
0.0323297
0.0353032
0.0489757
0.0186096
0.0407422
0.044937
0.00607866
0.00979419
0.0241905
0.0391641
0.0371251
0.0103189
0.0291641
0.0351113
0.0223368
0.0410772
0.0199463
0.000592411
0.0219409
0.0384302
0.0253406
0.0220911
0.0209329
0.0441881
0.0153476
0.0247284
0.00148635
0.0131951
0.020273
0.01014
0.0299812
0.0149604
0.042087
0.0449428
0.0363075
0.0199758
0.00544381
0.00695741
0.050593
0.0314818
0.04059
0.0370607
0.0459369
0.00442743
0.0360872
0.0421583
0.0403153
0.0305365
0.0313972
0.0341725
0.0400494
0.00562584
0.0282063
0.044937
0.0366439
0.020273
0.0229722
0.0106804
0.00329524
0.0248184
0.00227204
0.000465333
0.0415864
0.0475541
0.0233982
0.00688696
0.0164135
0.0126205
0.0385886
0.0258927
0.0207893
0.0271557
0.0163665
0.00428727
0.0339387
0.0356197
0.0330412
0.0265546
0.0391204
0.0255197
0.00578839
0.0396239
0.0228391
0.039721
0.0207755
0.0321323
0.0373283
0.0188094
0.0283384
0.0350685
0.0404192
0.0165646
0.00227204
0.0495501
0.0236708
0.0238262
0.045319
0.0357841
0.050593
0.0251909
0.00806159
0.0449798
0.0231635
0.0412673
0.0173408
0.0359276
0.0482475
0.0200779
0.0307052
0.0487036
0.0114208
0.0311894
0.0364206
0.0153352
0.0260113
0.0478005
0.026544
0.0333668
0.0158187
0.0279875
0.0236607
0.0299782
0.0139657
0.0348608
0.0301834
0.0261896
0.0404114
0.00653353
0.020085
0.0312301
0.0229084
0.0432225
0.0114108
0.0354441
0.0237122
0.0226497
0.0439324
0.0261896
0.043254
0.035744
0.031373
0.0360872
0.0423887
0.0231639
0.0254741
0.0321735
0.026497
0.0477433
0.0270882
0.0357841
0.0441881
0.044937
0.0369844
0.00279075
0.0250184
0.0105122
0.0497909
0.026549
0.033828
0.0449858
0.0120513
0.0240155
0.0272059
0.0271167
0.0341609
0.0140936
0.0435998
0.0192526
0.0339014
0.00794242
0.0108423
0.0226398
0.0374147
0.0431142
0.0192568
0.0205604
0.0428193
0.00627902
0.0395828
0.0197754
0.0517149
0.00988058
0.0382074
0.0377941
0.050593
0.0120862
0.008591
0.0385591
0.0228355
0.024317
0.0160798
0.0348608
0.0289038
0.0215056
0.0435683
0.00290419
0.0320179
0.0470426
0.0261559
0.0457655
0.0387063
0.0251656
0.0478461
0.00266422
0.0213432
0.0202463
0.0315195
0.0154732
0.0265278
0.00485212
0.0170576
0.0416518
0.0360969
0.0482018
0.0308673
0.0302185
0.0185587
0.0215056
0.013213
0.0200779
0.00431302
0.0366697
0.0308965
0.026549
0.0229722
0.0426644
0.0329318
0.038112
0.0237923
0.0429329
0.02822
0.0227101
0.0448866
0.0215027
0.0454019
0.038849
0.0426016
0.033767
0.00463873
0.00754422
0.0381211
0.0350685
0.0366587
0.0350503
0.0181488
0.0391641
0.0387795
0.0385961
0.0416005
0.0128127
0.0245637
0.019619
0.0153386
0.0279829
0.0329406
0.0252936
0.00871658
0.0266977
0.0325438
0.0345078
0.0346112
0.0257057
0.0495501
0.0302773
0.0211244
0.0338185
0.0330412
0.0163165
0.0268297
0.0261474
0.0295914
0.0402976
0.012066
0.0387986
0.050593
0.0437975
0.0266536
0.00821096
0.0380968
0.0259344
0.012066
0.00365293
0.0295914
0.0254675
0.0443751
0.0214376
0.0353223
0.0329288
0.042187
0.047876
0.0294141
0.0396051
0.0254741
0.0253406
0.0251107
0.0302185
0.0286043
0.0424448
0.0333958
0.0163289
0.0135087
0.0477433
0.0398535
0.026544
0.0354001
0.0152507
0.0209391
0.03391
0.030957
0.000416368
0.0495501
0.0282554
0.0466086
0.046333
0.0481182
0.0451906
0.0215056
0.0254741
0.0400494
0.0239079
0.0326899
0.0425206
0.0109587
0.0272968
0.0268699
0.0236868
0.033263
0.0395032
0.0414773
0.0399761
0.0275385
0.0226274
0.0425206
0.0385411
0.0345771
0.0176004
0.0269182
0.0477433
0.0238688
0.00695895
0.0421708
0.0107545
0.0498686
0.00671297
0.033263
0.0265546
0.0351656
0.0377941
0.0352917
0.00527853
0.0475212
0.0185906
0.0235524
0.0308673
0.0251107
0.0139657
0.0214376
0.0215616
0.0151253
0.0502051
0.0277398
0.0277626
0.00323197
0.000284851
0.0237486
0.035593
0.035593
0.023234
0.0424389
0.0129115
0.0323297
0.0396882
0.0299028
0.03391
0.0271736
0.0171333
0.0165646
0.0441881
0.0286975
0.012154
0.0239327
0.0237122
0.0260993
0.046333
0.00797056
0.0492549
0.00720996
0.0449439
0.00179636
0.0464583
0.0346276
0.0312301
0.0385098
0.0470426
0.0297058
0.0298545
0.0343941
0.033828
0.0452194
0.0270567
0.0422379
0.0387795
0.0265546
0.0287662
0.0426303
0.0181792
0.0030309
0.016831
0.0402976
0.0310301
0.0451906
0.0359276
0.0299028
0.0391382
0.0395368
0.0276381
0.0478005
0.0445505
0.0352069
0.0346664
0.0310792
0.0372985
0.0304825
0.0409178
0.0377718
0.0312301
0.0273093
0.0207893
0.0449618
0.0271379
0.0347854
0.034144
0.0199758
0.0380484
0.0380968
0.00908685
0.0205357
0.0270016
0.0311894
0.03043
0.0263342
0.023187
0.0271379
0.0376122
0.0340461
0.0151253
0.0350795
0.0425403
0.0392147
0.0479397
0.0264475
0.0340958
0.0128127
0.0101942
0.029955
0.0492873
0.0241027
0.0250493
0.0241502
0.012439
0.0428029
0.042213
0.0214409
0.0323297
0.0274259
0.00591123
0.0423905
0.0237923
0.0246068
0.0291021
0.0123098
0.0220637
0.0148256
0.0250481
0.0293097
0.00821316
0.0134435
0.0240155
0.0163751
0.00595579
0.0280322
0.0098933
0.0138119
0.0179981
0.0353904
0.028757
0.0388799
0.0287662
0.0109587
0.0346276
0.0245754
0.039721
0.0135122
0.0227545
0.0326063
0.0305365
0.0274994
0.0463529
0.0456214
0.0302185
0.0426644
0.000686258
0.0352917
0.0449618
0.0101196
0.0409178
0.0344798
0.0106984
0.0235802
0.0384302
0.0370607
0.00197217
0.00176953
0.0195756
0.0487036
0.00444967
0.0327009
0.00697863
0.027513
0.039241
0.0281088
0.037616
0.00777149
0.0411832
0.0273967
0.0366587
0.0351135
0.0282063
0.0391641
0.0367729
0.0262143
0.0229528
0.0185587
0.00251183
0.0122519
0.0279918
0.0238364
0.0152797
0.017121
0.050593
0.0432225
0.0226497
0.0326063
0.0190287
0.0310328
0.0360969
0.0278109
0.0326775
0.00201964
0.0313972
0.029802
0.0136096
0.0151253
0.0334572
0.0282063
0.0359209
0.0452347
0.00983316
0.0435683
0.0430456
0.0289448
0.0320435
0.0378355
0.0215616
0.0263196
0.00730115
0.013774
0.022854
0.00933772
0.0140936
0.0474701
0.0407422
0.0289448
0.0451906
0.0298952
0.0284568
0.0205004
0.0250483
0.0460668
0.0421708
0.0497586
0.0388029
0.0170576
0.0302148
0.0263342
0.0412581
0.0250483
0.0499268
0.0205357
0.0249231
0.0177202
0.0287738
0.0124805
0.000291169
0.0422379
0.0320435
0.0325438
0.0239539
0.0321323
0.0163751
0.00553256
0.0344512
0.0236708
0.012066
0.0307565
0.0294141
0.0369287
0.0244556
0.0394599
0.0377164
0.0475022
0.00313878
0.0132576
0.0093794
0.00827768
0.0394285
0.0346664
0.010931
0.0318736
0.0313939
0.0308998
0.0285039
0.01014
0.00876427
0.0346276
0.0236708
0.0291044
0.0111362
0.0233799
0.0298703
0.0359817
0.04059
0.0449618
0.0413064
0.0395828
0.0317843
0.0128127
0.0333145
0.0207875
0.0367243
0.0160798
0.023187
0.0258316
0.0400703
0.0163027
0.0417747
0.0449858
0.0310141
0.045319
0.0451906
0.0287738
0.0393104
0.0176003
0.0192568
0.0239539
0.0404441
0.0265991
0.0259762
0.0376617
0.0256298
0.0237923
0.0417737
0.0319313
0.00728655
0.0195058
0.0233867
0.0178637
0.00518548
0.0410772
0.0430549
0.00607866
0.0263845
0.0495501
0.0431142
0.00115019
0.0399761
0.0451543
0.0237418
0.0438369
0.0110081
0.0261474
0.0241905
0.0495887
0.0341379
0.0159355
0.000389636
0.0258346
0.00323197
0.0237486
0.00175333
0.035744
0.00323197
0.0382074
0.019957
0.0126992
0.0451906
0.0176368
0.043766
0.00432134
0.00645158
0.0270882
0.00418182
0.0339387
0.028757
0.0282391
0.0289727
0.012154
0.00453368
0.0115709
0.0239539
0.00400613
0.0169394
0.0312395
0.0323133
0.00866771
0.0178933
0.0394786
0.0412812
0.0389775
0.0399498
0.0457919
0.0495501
0.030268
0.0203001
0.0422379
0.0334368
0.0298871
0.0307493
0.0427315
0.0134435
0.0193523
0.0441881
0.0413257
0.0426763
0.0328366
0.019433
0.0391641
0.017533
0.0346112
0.0214712
0.0243331
0.0416025
0.0109773
0.011712
0.0176576
0.0159355
0.0340461
0.033767
0.0247284
0.00814408
0.016749
0.0371832
0.0254675
0.0438369
0.0354441
0.014793
0.0328366
0.0260757
0.0493572
0.0217932
0.0370935
0.0320054
0.0428029
0.0352434
0.0375783
0.050593
0.0216845
0.00285494
0.0337731
0.0327009
0.0248184
0.0460749
0.0323297
0.0255992
0.0203024
0.0260993
0.0323297
0.0269786
0.0242822
0.00384349
0.042357
0.0261474
0.0138405
0.0102673
0.0163751
0.0227099
0.000728965
0.011886
0.0236708
0.0152552
0.0176947
0.0252518
0.0432225
0.0236868
0.03043
0.0260113
0.0387795
0.00791432
0.0207181
0.013213
0.0479397
0.0118458
0.0224219
0.0148779
0.0127378
0.0314378
0.00962532
0.00721323
0.042187
0.0304826
0.00821316
0.0404623
0.0341725
0.00348479
0.0413064
0.0276381
0.00688696
0.0371115
0.0413431
0.0234641
0.0182163
0.0330075
0.0289038
0.0469302
0.0188076
0.0404192
0.0473655
0.050593
0.0367986
0.0269786
0.0205511
0.0359645
0.0439726
0.0460587
0.00286967
0.0385411
0.0448339
0.035431
0.0325438
0.00771993
0.0452253
0.0329318
0.0269328
0.0253406
0.0146461
0.0265127
0.0343941
0.0297199
0.0387795
0.0187604
0.0334368
0.011955
0.0101196
0.0103818
0.0356197
0.0331981
0.0302185
0.00562584
0.0408159
0.0350795
0.0425403
0.0295914
0.0401604
0.0270882
0.0377164
0.0299812
0.013213
0.0352102
0.0396882
0.03391
0.000815749
0.000387907
0.040628
0.00695895
0.0412673
0.0185587
0.0256395
0.0449618
0.0320179
0.0236392
0.0412673
0.00201964
0.0298952
0.0382953
0.0354441
0.0252936
0.00257519
0.0281088
0.0379279
0.0369608
0.0223434
0.0460875
0.0249208
0.0393104
0.0392019
0.0391641
0.0261474
0.0234054
0.0129115
0.0110685
0.00715953
0.0423563
0.0474701
0.0195755
0.031373
0.0344033
0.0274259
0.0451906
0.0170576
0.00671363
0.0435998
0.0253652
0.0212696
0.0270209
0.0287069
0.00313878
0.0384302
0.0410116
0.0261559
0.0333145
0.0364811
0.0363168
0.00839792
0.0261896
0.0235802
0.039721
0.0416778
0.0146052
0.0385591
0.0457948
0.0353223
0.0185124
0.00838685
0.0167662
0.00962532
0.0307398
0.0101913
0.0488064
0.0360858
0.050593
0.0068042
0.0207566
0.011886
0.0268297
0.0326063
0.0189885
0.0392165
0.0173321
0.0288558
0.02167
0.0266536
0.00864643
0.0403153
0.0129115
0.050593
0.0323126
0.0319147
0.0156999
0.0338185
0.0159355
0.032922
0.0341609
0.050593
0.0319147
0.0426303
0.0470342
0.00497144
0.0256298
0.0334267
0.026549
0.0437623
0.043254
0.0470893
0.00229928
0.0382953
0.0205357
0.0177191
0.0205004
0.017145
0.0299028
0.0235881
0.0355439
0.0406787
0.024322
0.0330412
0.0237418
0.026544
0.0412734
0.0371084
0.0267597
0.0438779
0.0307493
0.0335101
0.0148912
0.005319
0.0421507
0.033263
0.0443751
0.0445361
0.0241905
0.00719041
0.0298545
0.00496408
0.0239561
0.0173408
0.0371683
0.0296611
0.0329288
0.0281088
0.042357
0.0426303
0.0270214
0.0114208
0.0190823
0.047876
0.00162137
0.0342655
0.0274194
0.0364811
0.0139253
0.0291021
0.0319313
0.0396051
0.038017
0.0333145
0.0214409
0.048992
0.0367986
0.0365255
0.0192526
0.0239079
0.0445288
0.0353996
0.0195058
0.0209705
0.0339014
0.0352917
0.0186971
0.0367986
0.0292199
0.0394786
0.0495501
0.0376546
0.0299782
0.0229252
0.0274259
0.0400875
0.00907382
0.00555018
0.0267597
0.00725134
0.0391204
0.026256
0.00667864
0.0499896
0.0452194
0.0329318
0.013774
0.0314509
0.0215532
0.0228978
0.0482018
0.0274194
0.0412673
0.0353904
0.0333958
0.0299124
0.0299782
0.0319313
0.0396933
0.0417503
0.020273
0.046954
0.0205004
0.0386709
0.0352438
0.0229084
0.0291755
0.0288267
0.0362688
0.0282563
0.0304635
0.0477433
0.0273093
0.0252936
0.0206457
0.0214787
0.0448339
0.0359835
0.0339014
0.00210923
0.0464583
0.0213454
0.0366726
0.03391
0.0333958
0.0330847
0.015883
0.0246068
0.0349003
0.0404114
0.0350685
0.0365525
0.0237138
0.0425165
0.0213677
0.0274194
0.0272968
0.0237418
0.0465487
0.0492873
0.0390488
0.0321323
0.0414269
0.0364311
0.0229084
0.00671297
0.00176209
0.0376546
0.00876427
0.0287808
0.0206585
0.0460875
0.00620955
0.0394534
0.0161547
0.0220148
0.00191551
0.032922
0.0261347
0.0251485
0.0279829
0.02004
0.00373721
0.00513071
0.0339014
0.04059
0.030957
0.0246414
0.0272867
0.0389861
0.0495501
0.0270827
0.0341725
0.0229528
0.0482018
0.0388799
0.0363609
0.0169548
0.046333
0.00699401
0.035569
0.0215532
0.0394599
0.0432439
0.0270209
0.0266196
0.0269525
0.0234096
0.00538564
0.0438369
0.0267597
0.0396882
0.0428193
0.0292009
0.0299028
0.0314818
0.00715953
0.0109587
0.0435998
0.0205004
0.0333318
0.0143616
0.0449858
0.013774
0.0169747
0.0322176
0.0394534
0.00269169
0.0297199
0.0149834
0.0465487
0.0148031
0.0372162
0.0287069
0.0392147
0.0232087
0.025582
0.0308965
0.0265394
0.0249582
0.0170804
0.0284393
0.00151718
0.0176003
0.0371115
0.0353488
0.0236047
0.0412285
0.0131266
0.0289727
0.0229191
0.0339485
0.0237418
0.0376503
0.0170012
0.0269525
0.00979419
0.043766
0.0237418
0.0301366
0.00373796
0.0308388
0.0363075
0.0311894
0.0122519
0.0213233
0.0233867
0.0367135
0.0363555
0.00148635
0.0219409
0.0297489
0.0128127
0.00555018
0.0444275
0.00989367
0.0390488
0.00651783
0.0229252
0.0237418
0.0347353
0.0316409
0.0416638
0.0349659
0.0250483
0.00892285
0.0451581
0.0321721
0.0399658
0.0288925
0.00738719
0.0398535
0.0351201
0.0145061
0.0237539
0.0245637
0.050593
0.0349659
0.028804
0.0305446
0.0246404
0.0399012
0.043766
0.00580502
0.0373172
0.0101057
0.0261896
0.0386855
0.0394819
0.0145718
0.0245637
0.0257057
0.0213432
0.00989723
0.0164135
0.00890791
0.0213332
0.0380484
0.0445361
0.0387063
0.0194403
0.0148031
0.0127873
0.0404192
0.0237923
0.0422379
0.0365525
0.0371208
0.01799
0.0246414
0.0271379
0.0557279
0.0314509
0.0136773
0.0150827
0.0387063
0.029802
0.0316409
0.0278435
0.00653353
0.00251183
0.0249179
0.0426016
0.0477433
0.024317
0.0335138
0.0443751
0.038296
0.00728655
0.0178637
0.0335271
0.0288033
0.0425206
0.0196509
0.0264881
0.0380484
0.0205252
0.0479397
0.0159355
0.0424448
0.0341631
0.0328708
0.0298545
0.0392019
0.0364811
0.0235177
0.0225255
0.0387749
0.0385591
0.0363634
0.042157
0.0214374
0.0478005
0.0360457
0.0372537
0.0315195
0.0191524
0.046975
0.0334368
0.00272959
0.0223434
0.0142527
0.045319
0.0307565
0.003851
0.00607866
0.0199758
0.00463873
0.0239079
0.0345078
0.050593
0.0172067
0.0104558
0.00365293
0.0387063
0.00112928
0.0409933
0.000400022
0.00924557
0.0163165
0.0412673
0.0214593
0.0342537
0.0234054
0.0316409
0.0407236
0.0181243
0.035504
0.00229043
0.0246404
0.024636
0.0228653
0.0392147
0.0135784
0.0392019
0.0343291
0.0260757
0.0234054
0.0206585
0.00912392
0.0281088
0.022809
0.0307602
0.0227545
0.0211565
0.0127632
0.027435
0.0214709
0.0344798
0.0267728
0.0178307
0.0393104
0.0256298
0.011955
0.0372537
0.0468514
0.0290396
0.0213677
0.00930745
0.00746862
0.0163751
0.0268202
0.0372377
0.0102712
0.00623304
0.020273
0.0258717
0.0220782
0.028804
0.0427653
0.0348608
0.0416269
0.0145061
0.0470342
0.0154732
0.0243565
0.0392019
0.0498686
0.0386709
0.0251485
0.0331001
0.0296881
0.0126992
0.017533
0.0248184
0.032322
0.0468514
0.0237138
0.0313043
0.0267597
0.0350503
0.0295914
0.0226274
0.0319353
0.0214787
0.0364804
0.0418496
0.0338686
0.0159355
0.0342655
0.0330412
0.0283384
0.0169548
0.0400494
0.0270567
0.0318986
0.033767
0.0478005
0.0252518
0.0451906
0.0183965
0.0304429
0.012153
0.0127632
0.00827768
0.00183755
0.0189684
0.0360434
0.0271167
0.0336306
0.017112
0.0331914
0.0478005
0.0325438
0.040896
0.043766
0.0358065
0.0343941
0.00671297
0.01799
0.0209705
0.0340461
0.0404623
0.030268
0.0354001
0.0246974
0.0213233
0.0469302
0.0129032
0.0170012
0.0374493
0.0209705
0.0323852
0.0269328
0.0387795
0.0129343
0.0478461
0.0343941
0.028695
0.0233867
0.0371251
