0.0187818
0.0220412
0.0113017
8.09506e-05
0.00142086
0.0159496
0.0538381
0.0124711
0.0589739
0.0357705
0.0015896
1.43051e-05
0.0110552
0.00171884
0.000282824
0.00166714
0.0532608
0.0206546
0.00658756
0.0110628
0.012871
0.00589055
0.030717
0.0009709
0.0223925
0.0206889
0.0132461
0.00157836
0.0040037
0.051863
0.0046882
0.0229337
0.00613129
0.0356686
0.0529935
0.0248871
0.0161906
0.0241069
0.060106
0.00395185
0.0217811
0.00024765
0.00454825
0.00718933
0.0103768
0.0172424
0.0160452
0.00118011
0.00798666
0.0232449
0.0242124
0.00390077
0.0103766
0.0524979
0.0227267
0.004035
0.000965238
0.00197023
5.88596e-05
0.0130986
0.015972
0.03002
0.00234619
0.0130672
0.0147901
0.00222725
0.00282364
0.0240581
0.00418487
0.00109619
0.000478506
0.00461102
0.00766438
0.0110248
0.0186746
0.00387016
0.00299637
0.00259864
0.00143752
0.00366151
0.0196892
0.00856036
0.0109541
0.00601569
0.00175899
0.0175707
0.00632178
0.0194708
0.0202967
0.0198674
0.0212153
0.00084573
0.00923014
0.00124979
0.0177563
0.0198203
0.00256693
0.0219395
0.00256896
0.00556019
0.0101067
0.0120648
0.00646216
0.0219609
0.0170221
4.43459e-05
0.000238627
0.00139666
0.00548255
0.0556667
0.00652558
0.0322701
0.0236072
0.0120077
0.0181107
0.000801325
0.00693339
0.00299948
0.0211472
0.0157722
0.0085656
0.00291416
0.00960287
0.0406484
0.0173691
0.026075
0.00566506
0.0233018
0.0118831
0.017899
0.00260717
0.0121824
0.0123444
0.000513628
0.0179128
0.0070619
0.01906
0.0185142
0.00294667
0.0203408
0.0577545
0.0135954
0.0167208
0.0176639
0.00200361
0.0131786
0.0203074
0.0319726
0.00169577
0.00413644
0.00647134
0.0158186
0.00718851
0.0181715
0.0165181
0.0189388
0.0176736
0.0049729
0.0061134
0.00363711
0.0130245
0.0195404
0.0141134
0.00735977
0.0247971
0.0232047
0.0217003
0.024533
0.0400471
0.0169645
0.0124062
0.00467604
0.00173557
0.00478548
0.0206989
0.010079
0.00821131
0.0388232
0.0242307
0.0216339
0.0621257
0.000300735
0.00134659
0.0133767
0.0175255
0.0253732
0.0581535
0.00623755
0.0251501
0.00600809
0.0062359
0.0114709
0.0549894
0.0260697
0.0182651
0.00430131
0.060946
0.0232596
0.0115066
0.0110691
0.00531125
0.00998706
0.0197552
0.0161499
0.0213528
0.00890926
0.00190973
0.0470836
0.011547
0.0186225
0.0159917
0.0182698
0.0033837
0.015803
0.0193468
0.0231563
0.00782648
0.06023
0.0580919
0.0184739
0.00671738
0.0224823
0.01037
0.0282918
0.00522265
0.0117161
0.00055784
0.011784
0.0173749
0.0227092
0.00050807
0.0128147
0.0254245
0.00253412
0.00610472
0.0121955
0.0287661
0.0265014
0.00167941
0.0104648
0.0132399
0.00191896
0.000779092
0.0109718
0.00853884
0.00241834
0.0119796
0.048687
0.00237308
0.0129461
0.0260138
0.0045628
0.00156194
0.00637341
0.00147725
0.0152336
0.0114945
0.0689293
0.00846273
0.0365357
0.0177244
0.0377536
0.0040997
0.023331
0.000772119
0.0108044
0.00990191
0.0160692
0.00413486
0.0011487
0.0171393
0.0129659
0.0233142
0.0187344
0.000195265
0.00382167
0.00907764
0.0256609
0.0247279
0.0153545
0.0171781
0.0207838
0.00937852
0.0155516
0.00170565
0.00799873
0.0235465
0.0161098
0.0155772
0.0600465
0.00242054
0.00554568
0.0383183
0.00125712
0.0062457
0.0212066
0.0163803
0.000481665
0.0212645
0.00964957
0.0184243
0.0124386
0.0131296
0.0144403
0.0338104
0.00955433
0.017828
0.0244309
0.00291428
0.021024
0.000400484
0.0465944
0.0460205
0.0156142
0.0132886
0.0139224
0.0238296
0.0129072
0.000343323
0.0108501
0.00660074
0.00461254
0.00324762
0.0182767
0.016471
0.0130763
0.0265472
0.0115255
0.0502837
4.36306e-05
0.00900346
0.00892103
0.0281916
0.0243295
0.00883587
0.012872
0.00925031
0.0461136
0.00597328
0.0306948
6.61612e-06
0.00143021
0.00162804
0.000872672
0.021729
0.000489414
0.00449455
0.0141454
0.0125408
0.0117075
0.0130431
0.0161306
0.0262149
0.0163581
0.0497028
0.0130221
0.0566905
0.0301324
0.0128225
0.0173054
0.00306672
0.0225529
0.0109782
0.0191947
0.00392407
0.0193764
0.0195708
0.0220575
0.0137777
0.0095768
0.00108337
0.00305963
0.0132325
0.0178789
0.000799716
0.00738222
0.0168085
0.0142123
0.0113587
0.000209987
0.0167929
0.0251392
0.0238644
0.0111404
0.0235216
0.00924528
0.00867784
0.0127498
0.0100383
0.00992259
0.00994304
0.0125348
0.0244555
0.00823164
0.00441602
0.0458891
0.000481606
0.00330317
0.00519246
0.046398
0.015677
0.00379515
0.00617105
0.00867322
0.00182801
0.0115608
0.0012669
0.00327462
0.00735217
0.0438302
0.00147259
0.0280622
0.0192368
0.000631459
0.00171107
0.000291288
0.000883758
0.00842267
0.016646
0.000714093
0.0195661
0.0173604
0.0115585
0.00685656
0.012189
0.00295866
3.8147e-05
0.0300208
0.0221697
0.0194859
0.00151873
0.0126689
0.0158968
0.00590271
0.0148071
0.00476688
0.0018675
0.00921842
0.012046
0.0242069
0.00787944
0.00401053
0.00303185
0.0254927
1.46627e-05
0.0185776
0.0201505
0.0150111
0.00408608
0.0242322
0.0236997
0.00820577
0.00236738
0.00829339
0.00699523
0.00826127
0.0161844
0.0178214
0.015568
0.00343939
0.0173987
0.0036763
0.0102994
0.0076623
0.020595
0.0230482
0.00540578
0.000255823
0.0244047
0.00711663
0.0107467
0.0151246
0.00832504
0.0182775
0.000330389
0.0204817
0.000983834
0.0413887
0.0113772
0.00142759
0.0146923
0.0026015
0.0131134
0.0784164
0.0176293
0.00349069
0.00838402
0.00149274
0.00576991
0.0131763
0.0138429
0.0229912
0.0102429
0.00497681
0.0406072
0.00757179
0.00798869
0.0201765
0.000652015
0.0138044
0.00117207
0.00814052
0.0119078
0.0174467
0.0164723
0.00493902
0.00988895
0.0161457
0.00125187
0.0263575
0.0460349
0.0124828
0.00109932
0.0343658
0.0155712
0.00325748
0.0156118
0.00616115
0.000880793
0.0158971
0.00654119
0.00590491
0.0190915
0.0141386
0.00168586
0.014413
0.00400954
0.00673334
0.00984479
0.0205705
0.0108729
0.0143548
0.0245177
0.0129346
0.000545502
0.0238557
0.00917318
0.024595
0.0128986
0.0183045
0.0074308
0.0189422
0.00583357
0.0198296
0.00480863
0.0061574
0.00312334
0.00901461
0.0246177
0.00187206
0.000936985
0.00601751
0.00840876
0.0287302
0.00717258
0.000991888
0.00416124
0.0215091
0.0103735
0.0127386
0.00130141
0.00278959
0.0239436
0.0175556
0.0132303
0.0252545
0.0147982
0.0129713
0.0546802
0.0194244
0.00153649
0.0242623
0.0185386
0.00965683
0.019796
0.00229806
0.026083
0.0115182
0.0242023
0.00959692
0.00135183
0.0017783
0.0266442
0.0241606
0.0158087
0.00734943
0.013404
0.00429979
0.00825351
0.0117325
0.0108645
0.022872
0.0119316
0.0162727
0.0185415
0.00430895
0.0146168
0.0163136
0.00100172
0.0113217
0.017569
0.00384432
0.00871953
0.038259
0.00693554
0.049653
0.0124292
0.00301951
0.00213939
0.0176839
0.00313951
0.0258758
0.00789705
0.0150288
0.0108266
0.011622
0.00352052
0.0151334
0.0622905
0.0274972
0.021458
0.014952
0.00694853
0.0218742
0.00411633
0.0182235
0.0150839
2.40803e-05
0.000898123
0.00145984
0.0139531
0.0112295
0.0163417
0.0208501
0.00150561
0.0160159
0.0182059
0.0418612
0.0041725
0.0235205
0.050195
0.00153023
0.00939667
0.024729
0.00542158
0.0150377
0.0669463
0.024918
0.0207228
0.0229619
0.0214133
0.0240573
0.0465704
0.00144097
0.0129629
0.0179861
0.0216618
0.00100642
0.0221995
0.000758886
0.0232714
0.0148116
0.00700098
0.00499558
0.0136763
0.00956713
0.00235927
0.0135751
0.00640208
0.00991316
0.0264169
0.0210277
0.0126159
7.89762e-05
0.0563295
0.0247858
0.0241955
0.0266758
0.00708002
0.0242869
0.0279554
0.0263774
0.0150235
0.0205987
0.0079776
0.0620158
0.0154126
0.00630844
0.0134689
0.0344508
0.00615779
0.00645524
0.00687504
0.0165904
0.00165805
0.0020802
0.00091663
0.0104397
0.00425178
0.0445793
0.00449294
0.0201353
0.0234279
0.00858897
0.00620273
0.00648266
0.0105717
0.00434917
0.00133687
0.0538864
0.00787316
0.00232394
0.0236194
0.0201841
0.0302163
0.0100579
0.00089556
0.00457555
0.00681657
0.0504481
0.0216378
0.011284
0.0171278
0.0196851
0.001535
0.00276482
0.0179082
0.000801504
0.0214009
0.000345469
0.00170016
0.0250455
0.000848711
0.0401091
0.0058068
0.00281495
0.0020389
0.00017345
0.0159085
0.0219004
0.00621837
0.0195469
0.0122564
0.0149966
0.00755697
0.019824
0.000632405
0.00168556
0.0219145
0.000909567
0.0146756
0.0240124
0.0143317
0.00354296
0.0440373
0.0353168
0.0234286
0.013375
0.00546595
0.0733811
0.0489461
0.0121393
0.00251231
0.0470412
0.00905083
0.00398427
0.0129272
0.0157308
0.0120131
0.00128657
0.0213509
0.00117815
0.000968277
0.0115182
0.023386
0.010074
0.00677156
0.00629494
0.0181166
0.0185562
0.00292087
0.000196099
0.00180912
0.00021255
0.019987
0.00550646
0.0581444
0.0250671
0.0266561
0.00653678
0.00461531
0.0104392
0.00683421
0.0130329
0.00801078
0.0175332
0.00690097
0.00275189
0.0207855
0.0100692
0.00420645
0.0252522
0.0183656
0.0127574
0.0182196
0.00468922
0.023943
0.0242899
0.0130475
0.00944727
0.0136651
0.0049606
0.00339073
0.0239991
0.00695898
0.00168452
0.0198349
0.0217536
0.00182855
0.00100243
0.00595602
0.0198629
0.0151394
0.00742904
0.0377072
0.028881
0.025769
0.0245978
0.0130085
0.00262421
0.0559414
0.0239361
0.01778
0.0184205
0.00021112
0.0109616
0.0021452
0.00483808
0.0288311
0.0244694
0.0150888
0.00377983
0.0240518
0.00985092
0.0220661
0.00180715
0.00868562
0.00589728
0.0215923
0.029366
0.0103552
0.0242245
0.0100231
0.000473857
0.00124192
0.0164906
0.0119356
0.0221815
0.0242246
0.011659
0.00984356
0.00270396
0.0104308
0.00282091
0.0444999
0.00957924
0.000514567
0.00694066
0.000963628
0.0207894
0.0126004
0.0241356
0.0251867
0.00640285
0.0079571
0.0125663
0.000755489
0.000817955
0.0296212
0.0051914
0.0194749
0.00985038
0.00668591
0.00233853
0.00466496
0.00786251
0.00678629
0.0213264
0.0264
0.0175484
0.00332224
0.021172
0.0253019
0.00609428
0.020638
0.0027921
0.010548
0.0129583
0.0117814
0.0164492
0.0638279
0.0179353
0.0149862
0.00960994
0.00990087
0.0198043
0.00292492
0.00384927
0.00925088
0.0216649
0.0170444
0.00179434
0.00895995
0.026984
0.0235182
0.00363362
0.0205373
0.00618926
0.00763446
0.00728106
0.0036732
0.0129624
0.0596356
0.00707093
0.00107878
0.00624102
0.0181559
0.017032
0.0274675
0.0155373
0.00969099
0.000276089
0.00306201
0.00976038
0.0217778
0.0163483
0.0102263
0.00925246
0.00267524
0.0167907
0.00377047
0.0238792
0.017793
0.00269008
0.0624948
0.010757
0.000802219
0.0129522
0.00438428
0.0163478
0.0175616
0.0313179
0.00961709
0.0102333
0.00161934
0.00684899
0.000715077
0.0100566
0.00545782
0.0192133
0.00251955
0.00503759
0.0262889
0.00659606
0.0263397
0.0183049
0.0266505
0.0322887
0.00257543
0.0133434
0.0325459
0.0440114
0.0191766
0.011964
0.0113152
0.0123594
0.00486541
0.00197613
0.00429127
0.0216143
0.00587046
0.0201416
0.00531273
0.00124079
0.00921115
0.0436121
0.021202
0.00944054
0.00433445
0.00446194
0.006221
0.0159049
0.00802588
0.0041123
0.00961965
0.00867539
0.00410414
0.0212423
0.0256625
0.0526015
0.0370331
0.012907
0.0220945
0.00942802
0.0108167
0.0059613
0.017642
0.0109282
0.0174121
0.00544995
0.0675327
0.00469857
0.000220537
0.019075
0.00613046
0.0145792
0.0209191
0.0175122
0.00802012
0.0243309
0.045898
0.00153887
0.0249298
9.95398e-05
0.0472118
0.0012188
0.0156074
0.00245142
0.0226612
0.00251091
0.0223533
0.0360022
0.00343522
0.00961316
0.0095523
0.0248538
0.0110929
0.00681764
0.0122249
0.00765149
0.0221372
0.00611937
0.00513178
0.00508034
0.00249821
0.0032618
0.0218856
0.0102975
0.0119201
0.00554538
0.0143555
0.0136479
0.00746995
0.00537843
0.00716914
0.0112557
0.0396189
0.0197973
0.00316495
0.0582848
0.0155306
0.0238534
0.00134069
0.00784168
0.0532876
0.0143712
0.0318589
0.0233107
0.0033595
0.00649327
0.0123315
0.0185897
0.00998033
0.00038743
0.00427295
0.0181132
0.0174982
0.00310254
0.00343779
0.0401707
0.00501734
0.00793481
0.000237942
0.00105336
0.0013392
0.00629105
0.003223
0.0281238
0.00390816
0.0245904
0.0208908
0.00544511
0.00200565
0.01735
0.00995545
0.000574172
0.00342104
0.0129172
0.0493711
0.018965
0.0058713
8.38041e-05
0.0129861
0.0317483
0.0098795
0.000864983
0.0132054
0.00772069
0.00102723
0.0197577
0.0158329
0.00517154
0.0229653
0.0153262
0.00939658
0.0241259
0.00435543
0.00112581
0.010984
0.00111121
0.000567615
0.0131332
0.0234757
0.0203533
0.00415224
0.0176815
0.0126906
0.00533926
0.00370964
0.0120791
0.00484306
0.0060322
0.00602487
0.0179902
0.00995404
0.00283712
0.00065273
0.00958765
0.0255058
0.0247771
0.00288272
0.000737965
0.0210735
0.0177644
0.0187686
0.0214108
0.00775439
0.00266394
0.0234478
0.00221914
0.00401625
0.0103707
0.00826058
0.0297764
0.0151602
0.00235122
0.0199817
0.0102732
0.0337917
0.0118026
0.0089637
0.00906347
6.4373e-06
0.00193262
0.0325108
0.0237051
0.00818682
0.00159997
0.0191223
0.00337446
0.0132723
0.0246531
0.00310814
0.0115632
0.0118015
0.0474966
0.0124269
0.0125669
0.00939295
0.0265338
0.0157188
0.0151313
0.00221515
0.0151339
0.0185846
0.0198085
0.0293419
0.00103134
0.00774705
0.0103548
0.00686806
0.00874567
0.00267035
0.0235345
0.00661641
0.0256912
0.0010944
0.0113762
0.00938457
0.0175965
0.0197333
0.0428885
0.0289718
0.0150175
0.0197773
0.00114399
0.0153399
0.0184524
0.0269718
0.00450945
0.00658101
0.00013715
0.00972417
0.0025546
0.00618683
0.0154887
0.011311
0.0027943
0.000225902
0.0239951
0.00845769
0.0114424
0.00735457
0.0639635
0.00463223
0.000887871
0.0138153
0.0377119
0.000396669
0.00401485
0.0232174
0.0024491
0.0319556
0.00281638
0.00162122
0.00131142
0.0098874
0.0204757
0.00870878
0.0239349
0.0242608
0.0087654
0.00309432
0.00899858
0.0247062
0.00291044
0.0141779
0.0198136
0.00326204
0.0121731
0.0298629
0.0209177
0.000855446
0.0105344
0.00282943
0.00496674
0.0332969
0.0112035
0.000792176
0.0152948
0.0544362
0.0203081
0.00397545
0.000473216
0.0110305
0.00403333
0.00204802
0.0165033
0.0210465
0.023224
0.0153483
0.0162192
0.00477445
0.0159054
0.0056693
0.00539464
0.041049
0.0112749
0.0132728
0.0133222
0.0139601
0.00585097
0.0239781
0.0127625
0.00577691
0.0125649
0.00106096
0.0248238
0.0221291
0.0432556
0.0274145
0.00273246
0.0148635
0.0144318
0.00396297
0.000819087
0.005853
0.0130938
0.00833772
0.000265956
0.0441307
0.0255259
0.0297187
0.00806701
0.00338626
0.0159199
0.0062722
0.0146976
0.0607375
0.0385683
0.0657719
0.0124788
0.0103008
0.00109905
0.00937281
0.0120751
0.0188027
0.008757
0.00311098
0.00553489
0.0223565
0.00787723
0.0145134
0.0312675
0.00805184
0.00931585
0.0179832
0.0107341
0.00813663
0.0101541
0.00486743
0.00223511
0.00137728
0.0435566
0.0033125
0.0251357
0.00482976
0.00443593
0.0153455
0.000304461
0.0129801
0.00982299
0.0180849
0.0152161
0.0178449
0.0163635
0.0529943
0.0233658
0.00787976
0.000479698
0.00402933
0.0161554
0.00187927
0.00857642
0.00704998
0.0153483
0.000922501
0.00438657
0.0135743
0.00528395
0.000423908
0.0109901
0.017913
0.00569236
0.0133304
0.0205947
0.0600516
0.000257641
0.00425088
0.00119317
0.0381826
0.0115374
0.00557041
0.0239043
0.0142139
0.0153305
0.024492
0.0155255
0.0135658
0.00873071
0.0370498
0.00132096
0.0197023
0.0243392
0.0188909
0.0263246
0.0071857
0.000910819
0.0158955
0.0297899
0.00723058
0.0055865
0.000573099
0.000578821
0.0669439
0.00106212
0.0172663
0.0126314
0.0690907
0.0378975
0.00577921
0.0156457
0.00583754
0.0256426
0.0260779
0.0080955
0.0134415
0.0351108
0.00160325
0.00980496
0.0114607
0.0036971
0.00656009
0.0451884
0.013085
0.00886714
0.0429814
0.0176553
0.00601393
0.00585318
0.00201881
0.0138713
0.0163292
0.00150943
0.00076589
0.001873
0.031517
0.0661482
0.0010711
0.00522944
0.0173239
0.00190294
0.0133055
0.00725019
0.0167008
0.00693142
0.00875238
0.0609176
0.000427842
0.0153648
0.00920744
0.0345954
0.017805
0.01806
0.0250273
0.0624343
0.00984219
0.00743181
0.00103432
0.00716138
0.0114333
0.0336213
0.0203505
0.0246672
0.0180676
0.0281706
0.022576
0.0256446
0.0020285
0.00577548
0.0239688
0.0210621
0.0173755
0.0119279
0.0257087
0.020766
0.0155201
0.00458238
0.00829887
0.00645804
0.00713485
0.0125796
0.0205361
0.0172856
0.00870842
0.0183712
0.00646532
0.0494943
0.0140892
0.0218552
0.0141497
0.0247205
0.00268817
0.0190471
0.0168551
0.00149226
0.00450009
0.0149842
0.00199437
0.0135162
0.0175217
0.0090895
0.0012762
0.0128383
0.0238107
0.0124643
0.0134785
0.0242672
0.00341429
0.0250096
0.0325439
0.015186
0.012269
0.015249
0.031311
0.00687826
0.00537461
0.0239488
0.00167733
0.0251331
0.0156613
0.0575351
0.00520769
0.0102874
0.0204348
0.00254054
0.00710523
0.0292651
1.46031e-05
0.00807557
0.00449109
0.00153691
0.000267029
0.00331098
0.0495043
0.0175723
0.016489
0.0179582
0.0218613
0.075128
0.00985813
0.00700647
0.0396322
0.0103013
0.0234234
0.00131482
0.0116474
0.0237094
0.0187124
0.0211766
0.000438809
0.0237278
0.0180823
0.0492299
0.0681308
0.000180542
0.0225307
0.000720024
0.00569957
0.0182987
0.0121482
0.0245002
0.00681227
0.020484
0.0326611
0.00729662
0.00866187
0.0161878
0.0167649
0.00553775
0.000619113
0.0169185
0.00132334
0.00184792
0.0106618
0.00785568
0.0174475
0.0136617
0.0169267
0.0208381
0.0167901
0.0534479
0.0225437
0.0172335
0.00272942
0.0192702
0.00849695
0.000962973
0.00251185
0.0181155
0.0292118
0.0234404
0.0228206
0.0141919
0.0202442
0.012046
0.0234886
0.00523947
0.0295228
0.0256681
0.0181547
0.00524082
0.0263067
0.00436339
0.0206596
0.00122941
0.00189632
0.00162464
0.010693
0.0183755
0.0242221
0.0533954
0.0108476
0.013113
0.00695225
0.0208189
0.00051856
0.00459492
0.00536308
0.0104064
0.0671947
0.0163147
0.00529409
0.0074724
0.0162898
0.0251135
0.0144423
0.0211568
0.000591874
0.00101328
0.0100523
0.00691858
0.00246236
0.000783682
0.0252573
0.000894785
0.0115178
0.0100053
0.000586629
0.014883
0.00423455
0.0259714
0.0079577
0.00765977
0.00101638
0.0208718
0.000306368
0.0128551
0.0554605
0.025434
0.0176651
0.0251238
0.0199371
0.016896
0.0496688
0.0321631
0.0161659
0.0162265
0.0227304
0.0273186
0.0220809
0.0152597
0.000897996
0.0243009
0.0012466
0.0216128
0.0356335
0.0190197
0.00083518
0.00145358
0.0100558
0.00459416
0.0112409
0.0192426
0.0130658
0.0143559
0.000912011
0.0047487
0.0106027
0.0222242
0.0175304
0.0231623
0.00266868
0.0118422
0.0485356
0.00484121
0.0114509
0.0198452
0.0183554
0.00958639
0.00493038
0.0144526
0.0116844
0.00897241
0.00672415
0.0129479
0.00133765
0.0121362
0.0168755
0.0214128
0.0163261
0.00152606
0.00450116
0.0168415
0.0118634
0.00567436
0.0118877
0.00795711
0.0105047
0.00201252
0.00116831
0.0221087
0.0214028
0.0205411
0.00685839
0.017181
0.00470901
0.000894964
0.0045625
0.00914425
0.0152836
0.00119352
0.0129239
0.00227976
0.00172454
0.0078755
0.00453572
0.00217032
0.0100931
0.000705719
0.0159057
0.00204876
0.0408772
0.0177457
0.0109391
0.0245223
0.00105965
0.00300726
0.00441957
0.023775
0.0387773
0.00595564
0.0192247
0.00324386
0.0130547
0.00768209
0.0209445
0.00248545
0.0236696
0.00144798
0.0175008
0.0244507
0.0100399
0.00733662
0.0266503
0.0263961
0.0215114
0.015987
0.0173071
0.017318
0.0156796
0.0243231
0.0564892
0.0214585
0.00837983
0.00529671
0.00121927
0.0162377
0.00394236
0.00267041
0.000876307
0.0172862
0.00240034
0.00518423
0.00775701
0.000265598
0.00403351
0.0260393
0.0339965
0.0199932
0.0183769
0.020548
0.023312
0.016736
0.0178112
0.0103347
0.012029
0.0118435
0.0255605
0.0169699
0.00447828
0.0122711
0.00806326
0.025999
0.0184519
0.0127196
0.000714302
0.011581
0.0159223
0.00171721
0.018312
0.025482
0.0093841
0.0499944
0.0142452
0.00658408
0.025541
0.0161659
0.0140551
0.026377
0.00253594
0.0178545
0.0398819
0.0159592
0.0176688
0.0151784
0.0103351
0.00116968
0.0149067
0.0113274
0.00162977
0.00918961
0.00322521
0.00339997
0.00347674
0.00691092
0.00642791
0.00274426
0.00884461
0.00836384
0.0249246
0.0113722
0.0085232
0.0411392
0.00511196
1.01328e-06
0.00522035
0.0215247
0.086187
0.00721546
0.0620973
0.00334674
0.00942552
0.00469778
0.0219251
0.0156324
0.0105721
0.00742722
0.0113976
0.0147057
0.00198472
0.0240762
0.0167784
0.029773
0.0348029
0.00204748
0.0142663
0.0130979
0.0409514
0.0145625
0.0406975
0.0243508
0.00358614
0.00598042
0.0232425
0.000831604
0.0139704
0.00304295
0.00231469
0.00216883
0.0241117
0.0162017
0.0112461
0.010297
0.0128774
0.0153672
0.00124758
0.000860617
0.00146693
0.013291
0.0250785
0.0066646
0.0214655
0.00253862
0.0184875
0.0199294
0.00265312
0.0136769
0.0109311
0.0137404
0.0189832
0.0119132
0.0102194
0.0018062
0.00870657
0.0167609
0.0248361
0.0512261
0.0162495
0.0234373
0.0240829
0.0100869
0.0018186
0.0267327
0.0126573
0.00692943
0.0299945
0.0110312
0.0149496
0.0249618
0.0224603
0.00618231
0.00107324
0.0212755
0.00904256
0.00692147
0.00587171
0.00551879
0.0362312
0.0358772
0.00226414
0.00801551
0.0240969
0.00200832
0.00472599
0.0249558
0.0175742
0.00540173
0.0634758
0.0215345
0.0124575
0.000888884
0.0145589
0.0152705
0.000507936
0.00979291
0.0707083
0.0143492
0.00258279
0.00173938
0.02582
0.0076936
0.0244855
0.0267179
0.0131859
0.03166
0.0592055
0.00509122
0.0243441
0.0246508
0.00150442
0.0114567
0.0179932
0.00302047
0.0231262
0.000951827
0.00891244
0.0219667
0.025966
0.00937328
0.0165084
0.0176455
0.0137578
0.00158289
0.0189516
0.0254841
0.00212908
0.000461698
0.0197843
0.0137692
0.0260345
0.015591
0.00630671
0.0249072
0.00282758
0.010565
0.00764978
0.00307798
0.00164533
0.0159816
0.00168663
0.00708908
0.0133907
0.00145537
0.00616512
0.0608741
0.0167308
0.00823657
0.0191157
0.00863659
0.0184808
0.00873742
0.00136432
0.00291187
0.000571311
9.31621e-05
0.00873908
0.0091313
0.00212121
0.00199068
0.0261307
0.0189542
0.00882229
0.00354846
0.000367522
0.000168562
0.00724331
0.0166057
0.0140143
0.0241417
0.0108129
0.0217281
0.00731287
0.0283239
0.00460732
0.0170256
0.0117376
0.0018031
0.0079276
0.0293953
0.00277141
0.0435993
0.004421
0.00171848
0.00365061
0.00368038
0.0207726
0.0253019
0.0100028
0.0262745
0.0252708
0.0098702
0.017806
0.0154034
0.0213068
0.00272375
0.0220472
0.0050483
0.0152029
0.00661215
0.0129052
0.00107682
0.00559445
0.0241935
0.0182952
0.00914478
0.0130053
0.00801027
0.0649537
0.0271629
0.00267327
0.0177829
0.0543069
0.0194356
0.0175588
0.00102741
0.00324148
0.0299656
0.0212741
0.00656781
0.00216085
0.0311899
0.0133713
0.0248467
0.00352031
0.0241275
0.00363547
0.0102004
0.00953241
0.00278592
0.00384176
0.0155916
0.00140163
0.000315487
0.0248679
0.0367153
0.0184025
0.0166154
0.0196241
0.0223002
0.00887352
0.0219874
0.0176191
0.00710976
0.00182676
0.0165938
0.0174467
0.0234196
0.0155911
0.0263028
0.014989
0.00182176
0.0184309
0.0149807
0.00505108
0.0134783
0.00890563
0.015013
0.0155956
0.00195116
0.0241628
0.00353807
0.00882041
0.00260359
0.0233867
0.0188637
0.0125313
0.00942323
0.0156861
0.00072211
0.0235018
0.00908682
0.0231597
0.00180459
0.00182825
0.027985
0.00681912
0.00107479
0.00610381
0.0536343
0.00663053
0.0181925
0.000102568
0.00368327
0.00378233
0.0104933
0.00806206
0.0140953
0.00231099
0.0106544
0.00666666
0.0189696
0.0103834
0.0375711
0.0113467
0.0156226
0.0152515
0.0156828
0.0193136
0.0152782
0.0219165
0.0241827
0.0239183
0.0223437
0.0116816
0.00510743
0.00326926
0.000620723
0.0170162
0.0169342
0.0105181
0.016234
0.00619501
0.00814664
0.0303048
0.00391728
0.0142536
0.014827
0.0111609
0.0155645
0.0110239
0.0049115
0.0151373
0.0133228
0.00652701
0.00134593
0.0394096
0.00381248
0.0249754
0.00997413
0.0184888
0.000817895
0.00303036
0.0102085
0.0162161
0.0140158
0.0555475
0.0210001
0.00179714
0.00998135
0.0104517
0.0234692
0.0165115
0.0241676
0.0226687
0.0075809
0.00632989
0.0166471
0.022736
0.00203341
0.00591296
0.0213865
0.034763
0.00639251
0.00313205
0.0242977
0.000568986
0.0361151
0.0215258
0.0293286
0.00908824
0.00194764
0.00451767
0.00884622
0.0245568
0.0143178
0.00853473
0.0222394
0.025036
0.000887945
0.00716192
0.00454726
0.00961883
0.0232078
0.015449
0.0493442
0.00207931
0.0178319
0.0137953
0.0093866
0.0230391
0.00315058
0.0118629
0.0261666
0.00794899
0.00369155
0.0244565
0.00930929
0.000720739
0.0012922
0.0327278
0.0122718
0.00393906
0.044388
0.00372344
0.00607634
0.0266619
0.0189102
0.0238515
0.0242952
0.00179082
0.0205432
0.025772
0.0134991
0.0519642
0.00269252
8.97646e-05
0.0230573
0.0468013
0.045409
0.0102661
0.0151745
0.0104712
0.0172727
0.013928
0.0198336
0.00730428
0.0467796
0.0271254
0.018724
0.00392389
0.0166269
0.00294441
0.004419
0.0173229
0.0125833
0.00283732
0.000624776
0.00843958
0.0349631
0.016728
0.0350323
0.00139195
0.0244669
0.00618228
0.00766966
0.0181365
0.00593755
0.00977665
0.00350797
0.0119467
0.0120324
0.011317
0.0154025
0.00579453
0.0149274
0.00235951
0.00643367
0.0110406
0.0244759
0.00201657
0.0119199
0.0194579
0.000979364
0.00999814
0.00613791
0.0370988
0.0467831
0.00820234
0.00231159
0.00766599
0.023824
0.0108182
0.0275365
0.000799954
0.0220316
0.00929758
0.0021654
0.0231296
0.0133944
0.0135045
0.0260657
0.000493288
0.0255316
0.0219967
0.00294474
0.00185972
0.00807339
0.0350288
0.0711927
0.0102689
0.00751084
0.000476524
0.0224525
0.0228318
0.00664693
0.0552813
0.00741297
0.0833515
0.0326446
0.00652167
0.0021227
0.00932401
0.0183505
0.00854591
0.0338244
0.00401443
0.0106234
0.00678712
0.0138749
0.000905514
0.0199069
0.000593305
0.0215801
0.0629473
0.0124314
0.00373423
0.00939095
0.00194478
0.000812411
0.0147702
0.0242005
0.0151907
0.0229983
0.00846002
0.00967222
0.00361507
0.00282371
0.0186156
0.00244904
0.00939015
0.0234197
0.0118489
0.0299308
0.0180167
0.0012784
0.00543857
0.0216367
0.0165619
0.009234
0.00297272
0.000724554
0.00654238
0.00231463
0.0173211
0.00463456
0.00422776
0.0650991
0.004215
0.00109446
0.0230548
0.0169055
0.00105947
0.00126719
0.00973266
0.000858366
0.00636315
0.0436596
0.0157872
0.0473353
0.00327861
0.00522363
0.00593543
0.00871935
0.0113338
0.00316226
0.00909638
0.022261
0.00812837
0.00407839
0.0132925
0.0186735
0.00600852
0.0197967
0.0111841
0.000214815
0.00626767
0.00128144
0.00898856
0.00878626
0.0084748
0.00506524
0.00180346
0.0179978
0.0222232
0.0051769
0.0466951
0.00168487
0.00567627
0.0185417
0.00484681
0.014489
0.025201
0.0399953
0.0213465
0.000798941
0.0200161
0.016188
0.0028342
0.000710309
0.0127096
0.0237554
0.0414571
0.00711405
0.00997563
0.0633067
0.0191858
0.0115611
0.000537455
0.0153683
0.000877738
0.00173733
0.0133001
0.0437386
0.024577
0.006163
0.00329879
0.01007
0.000869155
0.0112449
0.00532138
0.00672525
0.00620598
0.00359797
0.0139156
0.0142649
0.00430053
0.014183
0.0101798
4.08888e-05
0.000533491
0.00135422
0.0160341
0.00728749
0.0239432
0.0135619
0.018344
0.0207445
0.0153666
0.000564158
0.0143239
0.00395489
0.00453812
0.0269851
0.00421005
0.0167118
0.0200285
0.0018391
0.011086
0.0266414
0.0116087
0.0156121
0.00647652
0.025718
0.00408806
0.00327754
0.00630446
0.00146461
0.000846192
0.0122986
0.0105441
0.0182514
0.0263229
0.023436
0.0131017
0.00271642
0.00101388
0.0612348
0.00595549
0.0302877
0.000677645
0.0220741
0.0162891
0.0078249
0.0226117
0.0164919
0.0017817
0.02382
0.0229263
0.0192901
0.0184327
0.0120278
0.00257796
0.00559169
0.00909069
0.000849843
0.000726342
0.0156455
0.0199325
0.00420558
0.00509953
0.00405985
0.0162124
0.0153313
0.00606251
0.0281893
0.00467962
0.0206592
0.0215901
0.00148475
0.0136565
0.0408283
0.00397098
0.0100565
0.0118083
0.00215334
0.00195052
0.029494
0.0202954
0.0227834
0.0133566
0.0161437
0.0586898
0.00767416
0.00682151
0.0053997
0.00493723
0.000766456
0.00517071
0.0184572
0.0215245
0.0074712
0.00715682
0.0201086
0.00105456
0.00336453
0.00400008
0.0481033
0.0161138
0.000678122
0.00995769
0.0146248
0.0035612
0.0458545
0.0248715
0.0189233
0.00166196
0.0035432
0.0152785
0.00386882
0.00829089
0.0487128
0.0121263
0.0181744
0.0017783
0.0218518
0.00139374
0.022684
0.0090673
0.0103459
0.00869946
0.0246923
0.0111452
0.0122272
0.000299871
0.00378972
0.0170971
0.00724387
0.00734103
0.0121084
0.0261934
0.0153168
0.0588754
0.0229011
0.000809729
0.0123155
0.0473276
0.0319081
0.0653679
0.0142334
0.00539127
0.00861996
0.0270476
0.00206673
0.00183696
0.0232292
0.0601718
0.00431979
0.0256494
0.0104276
0.0258005
0.0267212
0.00682665
0.012901
4.20213e-05
0.00314063
0.000930279
0.0186201
0.00150734
0.0048337
0.0129755
0.00157273
0.00179636
0.00395371
0.0302715
0.00245619
0.00303692
0.00785443
0.0143392
0.0245931
0.00205094
0.0481753
0.00195276
0.0117839
0.0501452
0.00290376
0.0032323
0.00686634
0.0230102
0.0138245
0.0172776
0.00670713
0.022063
0.0172729
0.0247003
0.00173742
0.00384754
0.0280056
0.000523869
0.017517
0.0166519
0.00873828
0.0384557
0.00961941
0.0345504
0.0183269
0.00567573
0.00223517
0.0110196
0.0386252
0.0232909
0.0207792
0.0122491
0.021106
0.0184617
0.00392183
0.00218672
0.0221701
0.0117751
0.0216477
0.00378063
0.00631166
0.0241882
0.011726
0.00126675
0.000178486
0.0232572
0.0255958
0.00562403
0.049162
0.0101984
0.0295985
0.026125
0.00401983
0.0112281
0.0186702
0.0142365
0.00962484
0.0229877
0.0142326
0.00723469
0.0123883
0.00169897
0.00104427
0.0145628
0.017846
0.0204567
0.00494233
0.0145764
0.00850993
0.0177896
0.0252428
0.0177538
0.00018549
0.0191772
0.0102259
0.0210121
0.0578983
0.00306815
0.0183294
0.0143971
0.0184625
0.0176351
0.00213909
0.00256662
0.042307
0.00627863
0.000637472
0.00652203
0.0148025
0.0673417
0.0159483
0.0113407
0.00682068
0.0144898
0.0571699
0.0139479
0.0100962
0.0543351
0.00152791
0.0177177
0.0122557
0.00376099
0.000858128
0.0215775
0.018016
0.0124898
0.00856161
0.0203492
0.000720978
0.0118414
0.001293
0.00150466
0.00636971
0.00862005
0.00183547
0.0809106
0.0045919
0.0242058
0.0231752
0.0285472
0.0260319
0.0106664
4.93526e-05
0.00171995
0.000718772
0.00692785
0.00110495
0.0496026
0.00161406
0.00742197
0.000288248
0.00955456
0.0227031
0.00161999
0.064016
0.0125543
0.0224897
0.00316161
0.00468045
0.0079748
0.00638369
0.0102956
0.00963017
0.00171405
0.00990361
0.00784123
0.0124969
0.0496912
0.0033772
0.013309
0.0137387
0.00324601
0.0307624
0.00278336
0.00843811
0.0086464
0.0218155
0.0032441
0.00023526
0.00101328
0.0208207
0.00553477
0.0246598
0.00668228
0.0235287
0.0328652
0.00456247
0.0227977
0.00784108
0.022713
0.0082555
0.01553
0.0118591
0.00360847
0.0641065
0.0151897
0.0215227
0.0133346
0.0180449
0.00510043
0.0242507
0.0176843
0.00244176
0.0106757
0.0182666
0.000420541
0.0185087
0.00383654
0.0106624
0.0303537
0.00936311
0.0235773
0.0403263
0.0132838
0.00565231
0.0058853
0.0104605
0.0241305
0.0163692
0.00929087
0.0149753
0.0553924
0.0158376
0.000282437
0.00351799
0.0066539
0.0143522
0.00428021
0.024114
0.00987124
0.0127854
0.000496089
0.0713126
0.0158248
0.00159532
0.000986755
0.0173792
0.0128777
0.0205215
0.00840765
0.00341216
0.00948292
0.00156051
0.0208897
0.0022856
0.000104368
0.00798279
0.025538
0.00790843
0.0168132
0.00273496
0.00994301
0.0013625
0.00183919
0.0554624
0.0120708
0.0148896
0.0022611
0.0141107
0.000392616
0.00876302
0.0162547
0.0152125
0.0241795
0.00259089
0.00103927
0.00944207
0.0125637
0.0119197
0.0121122
0.0105481
0.00257088
0.0186531
0.0176079
0.00559855
0.000702441
0.0502498
0.0171067
0.0266349
0.00281074
0.00356901
0.0256276
0.0334148
0.0152408
0.00143206
0.00361562
0.0243827
0.012873
0.0032835
0.0260112
0.0193601
0.0152594
0.000148952
0.0092783
0.00690877
0.0120332
0.0266654
0.0123084
0.0242926
0.000207603
0.0631684
0.0161988
0.0131305
0.0150791
0.0629257
0.0103469
0.024055
0.00102219
0.00192618
0.0183146
0.000603974
0.0455638
0.015255
0.00958988
0.0183465
0.0197763
0.00375709
0.00707181
0.016523
0.00129038
0.00683457
0.0109039
0.0454108
0.0153854
0.0223417
0.0083839
0.00108606
0.0552479
0.00977708
0.0224153
0.0165592
0.0173054
0.0245815
0.0129655
0.0118907
0.0145269
0.00926647
0.0451059
0.0259542
0.0169
0.0208412
0.0166472
0.0532169
0.00562003
0.0263087
0.00248605
0.00651461
0.0229428
0.000718355
0.0210763
0.0161415
0.0130874
0.00947147
0.0212606
0.035845
0.00474566
0.0106178
0.000463665
0.0194607
0.0054349
0.0239843
0.0166835
0.0163518
0.0238416
0.0157349
0.0322564
0.00383443
0.00446314
0.00187892
0.0126371
0.0217906
0.0176316
0.00561541
0.00199139
0.0227786
0.0168897
0.00269145
0.0185581
0.0250749
0.0013082
0.0283296
0.0044969
0.0511136
0.0155375
0.0030728
0.00256659
0.0237593
0.00388473
0.0200161
0.00211179
0.0154949
0.00924486
0.00280648
0.0141427
0.0500826
0.0271205
0.0197761
0.00511128
0.0173919
0.00120091
0.0336635
0.016512
0.0106173
0.015932
0.00494806
2.3365e-05
0.0377138
0.0234001
0.00284672
0.0351231
0.0115967
0.000474215
0.0533569
0.00732071
0.0178763
0.00863847
0.01453
0.0116442
0.00324726
0.0134911
0.0202627
0.00185168
0.0284916
0.00147384
0.0233128
0.0194928
0.0014948
0.00154519
0.0198956
0.0132949
0.0179656
0.00762527
0.010242
0.0155507
0.00519863
0.0222982
0.00354135
0.022163
0.0108383
0.0352619
0.0061844
0.0562702
0.00671655
0.00162584
0.00413609
0.00159711
0.0170138
0.0222133
0.0133963
0.00731343
0.00136435
0.0246628
0.00133443
0.00591638
0.00238037
0.00646991
0.0113611
0.00374204
0.0232893
0.0102313
0.00907183
0.00273722
0.00831294
0.0249299
0.0109745
0.0130399
0.00411177
0.00224781
0.0189335
0.0212265
0.00157402
0.0199604
0.0105234
0.00514734
0.0146247
0.0093509
0.00397277
0.0215555
0.0126659
0.0104051
0.0111269
0.00744379
0.0576378
0.024518
0.00154638
0.0108505
0.00426803
0.00304019
0.0215004
0.0170157
0.00434715
0.00798827
0.0175419
0.00699621
0.00114888
0.00320041
0.014539
0.022913
0.00218327
0.0181319
0.0013147
0.00743147
0.0207356
0.015347
0.0115567
0.00620261
0.00170738
0.0141042
0.000420988
0.0253311
0.0020265
0.00418407
0.0396076
0.0204625
0.0147748
0.000710458
0.00525579
0.0205103
0.0108461
0.0188186
0.00492883
0.00915218
0.0192254
0.0248149
0.00905937
0.0195758
0.011137
0.00837627
0.0200355
0.00491101
0.0029068
0.00831824
0.0261257
0.0260901
0.00763673
0.0124174
0.0179302
0.0111343
0.0142374
0.000754893
0.015063
0.0125608
0.00076884
0.0163035
0.0101444
0.00307363
0.00503463
0.0250166
0.00983939
0.0121464
0.0183415
0.00308108
0.0146657
0.00526184
0.000866339
0.0158595
0.00608289
0.0127342
0.0224376
0.0115939
0.025031
0.018993
0.0135507
0.0435692
0.00358343
0.000163555
0.0152612
0.0133072
0.0219017
0.000702381
0.020494
0.00131685
0.000594914
0.00942329
0.0184122
0.00178057
0.00146699
0.012129
0.0252188
0.00685281
0.00885043
0.0110995
0.0175409
0.00174356
0.0240611
0.000866294
0.0228345
0.0159687
0.0203595
0.000722334
0.0162807
0.0163135
0.0210761
0.00530487
0.0163642
0.000127196
0.0186586
0.00858682
0.00459409
0.0527723
0.02421
0.00837588
0.0143599
0.00120976
0.0349833
0.00262916
0.000239372
0.00439683
0.0130399
0.0216085
0.0411591
0.041525
0.0132838
0.0101763
0.00921941
0.0112338
0.00794303
0.000584185
0.0439309
0.0156783
0.00172573
0.00980093
0.0161723
0.00493693
0.0115474
0.00563967
0.00432706
0.0108724
0.0056556
0.0106433
0.0141172
7.72476e-05
0.0567733
0.0059209
0.012669
0.000714123
0.0106568
0.00510216
0.00222847
0.0126831
0.0141696
0.024082
0.0054374
0.00296128
0.0174987
0.0705512
0.0231826
0.0161932
0.024191
0.0241581
0.0177156
0.00283688
0.0112845
0.00196743
0.0116286
0.000671446
0.0167822
0.0187945
0.0188747
0.0131001
0.0377387
0.000671245
0.0180893
0.014266
0.0103676
0.0211612
0.0027051
0.00670254
0.0183563
0.0141079
0.016349
0.00315613
0.00963417
0.0159061
0.00369537
0.0354596
0.0171007
0.0179283
0.0184593
0.00499156
0.00451612
0.00199533
0.0201443
0.0227915
0.0070076
0.0176168
0.000388265
0.0127684
0.00248021
0.0372773
0.000258327
0.025256
0.0164124
0.0284099
0.00588892
0.0105887
0.0184059
0.0175541
0.00976264
0.0180413
0.012036
0.000189841
0.0345853
0.0237424
0.0163378
0.00574028
0.00102997
0.00386006
0.0154002
0.0245069
0.0146618
0.0123428
0.00139004
0.00271213
0.0230297
0.0113963
0.00121826
0.0186857
0.0146802
0.0176265
0.0241923
0.00109655
0.0431629
0.0233289
0.00145963
0.00551218
0.00800735
0.00931671
0.0199645
0.0104083
0.0207544
0.0117912
0.0160307
0.00121551
0.00713694
0.0106745
0.00624031
0.0177168
0.00994772
0.0206817
0.00901297
0.0011555
0.00171638
0.00102687
0.010573
0.0096243
0.0223461
0.00944746
0.0138225
0.00554085
0.0178401
0.00413845
0.0128822
0.0229521
0.0170157
0.012205
0.0264416
0.00547536
0.0113134
0.0142299
0.00504231
0.0166053
0.0180085
0.0175986
0.0171044
0.0123137
0.0156528
0.01296
0.0285898
0.00680017
0.0450358
0.00107229
0.01367
0.00324994
0.00504199
0.0215088
0.050802
0.00299412
0.0164594
0.0607786
0.0197963
0.0100512
0.0108737
0.00064037
0.0128596
0.0104256
0.010372
0.0377791
0.0052765
0.00680065
0.00917399
0.0491335
0.00830138
0.0106814
0.00457031
0.0223008
0.0122443
0.0164578
0.0323435
0.0056147
0.0224682
0.0112154
0.0163195
0.00151294
0.00146407
0.0143525
0.0140308
0.00103015
0.0623891
0.0141251
0.0217625
0.000310302
0.0416309
0.0173892
0.0392459
0.0241917
0.025197
0.0155868
0.00194424
0.0186211
0.0190485
0.000804603
0.00436878
0.00209439
0.016583
0.0124739
0.00450444
0.0293655
0.00611722
0.0364455
0.0140807
0.000605822
0.0131665
0.0186149
0.0269559
0.00302982
0.0185941
0.0273759
0.00123203
0.0125743
0.00492202
0.0235446
0.0249622
0.0203842
0.0342615
0.0473983
0.0116177
0.0160927
0.0252627
0.0228349
0.0118315
0.0106575
0.0034743
0.00623262
0.00939906
0.0166247
0.0162075
0.000913799
0.0235422
0.014311
0.0109925
0.00334913
0.000567675
0.0132667
0.00404024
0.00559998
0.0119889
0.00272967
0.0314389
0.00982325
0.013587
0.0210976
0.0368654
0.0532563
0.007393
0.0226215
0.00433594
0.0504097
0.00137132
0.0237251
0.00462565
0.00145812
0.0116329
0.0100492
0.0227724
0.00917016
0.0108362
0.0170388
0.0134658
0.013546
0.00903755
0.0033198
0.0170264
0.00767618
0.00409961
0.0129829
0.00803745
0.0256184
0.00234079
0.0189205
0.0176913
0.0147675
0.0103543
0.00277528
0.065486
0.0194423
0.0130349
0.0261201
0.00926148
0.00458848
0.0148419
0.00554353
0.0442026
0.0148021
0.00466931
0.0180932
0.00564516
0.00647074
0.022747
0.0255097
0.0252025
0.00518745
0.0186917
0.000750959
0.0154157
0.0183121
0.000266492
0.00326014
0.0223424
0.0114025
0.0118545
0.0032388
0.0013417
0.00377113
0.017122
0.0342313
0.0189046
0.00903389
0.0198014
0.00152916
0.00675172
0.0209889
0.0436189
0.00826597
0.0150132
0.00138772
0.0482702
9.26852e-06
0.0163419
0.0174302
0.0524229
0.0389595
0.00485829
0.00760943
0.0113519
0.0240111
0.0617744
0.0216219
0.0199538
0.0106012
0.0436231
0.013613
0.0177463
0.0228545
0.00860003
0.0592522
0.0181224
0.0215952
0.015441
0.0062721
0.00177318
0.00285366
0.0372272
0.00584126
0.00531393
0.015874
0.00538248
0.00580055
0.015371
0.011901
0.0159402
0.0266066
0.0020293
0.0183854
0.00246364
0.0483584
0.0173954
0.0161624
0.0179023
0.000888824
0.017471
0.0133573
0.00176579
0.0174006
0.00335604
0.0188791
0.00919491
0.0165104
0.00274044
0.00766504
0.0126736
0.0182011
0.0265772
0.0255999
0.0021162
0.00076139
0.00344688
0.0011158
0.00165814
0.00998017
0.0415428
0.0131018
0.0203176
0.0233693
0.0208308
0.0287595
0.0250035
0.00512743
0.0162926
0.00441346
0.0122846
0.0174243
0.00193501
0.00989923
0.0178992
0.00155678
0.0197312
0.0291168
0.0275516
0.0241673
0.00106096
0.00456625
0.00531131
0.0238402
0.00739682
0.0147677
0.00955817
0.0588359
0.0062094
0.0115082
0.0138499
0.00451913
0.0110713
0.00893831
0.016501
0.00616622
0.0120199
0.0186454
0.00146019
0.00614705
0.00629294
0.00476724
0.0170025
0.00325089
0.014105
0.000632465
0.00120342
0.0487871
0.0158972
0.0129278
0.0102543
0.00485337
0.00539935
0.00428617
0.013198
0.00162542
0.013117
0.00596356
0.0131143
0.0105404
0.00996276
0.0192057
0.0126836
0.0741386
0.0101116
0.00779775
0.00639373
0.000993192
0.029158
0.00994456
0.0020777
0.000868559
0.0453287
0.0166524
0.00264922
0.0013184
0.0608695
0.0201847
0.0079601
0.0349932
0.0124393
0.0539749
0.00170201
0.0229219
0.0115902
0.000936151
0.0169515
0.00692126
0.000156939
0.0069015
0.00841248
0.00700355
0.0171577
0.0219468
0.0182579
0.020071
0.000987589
0.000231624
0.0101415
0.0136817
0.0241914
0.0177313
0.00113654
0.00191861
0.0139733
0.000426441
0.0093596
0.046827
0.0130014
0.0212509
0.0587287
0.0158019
0.0035131
0.0133368
0.0252762
0.0141699
0.0119515
0.00641745
4.39882e-05
0.0181969
0.0233433
0.0129203
0.0158711
0.000392079
0.0375333
0.0202773
0.00308472
0.0162318
0.00195479
0.000528276
0.0172155
0.00177237
0.00276771
0.0043084
0.0105173
0.00307447
0.00750187
0.0363288
0.00706929
0.0178531
0.0179588
0.0160918
0.0219859
0.0239973
0.0215278
0.00156015
0.0237379
0.00501639
0.00951362
0.00903167
0.00588605
0.0149964
0.0254651
0.0134158
0.0103406
0.00359684
0.0267051
0.00612918
0.011716
0.0210458
0.0138347
0.0209442
0.00631505
0.00721061
0.00069353
0.00145566
0.00246626
0.0170514
0.00504544
0.0285649
0.0125025
0.0121628
0.0275806
0.0174056
0.00226557
0.0118316
0.0038811
0.0199273
0.0218441
0.00642791
0.00330311
0.0131751
0.0528719
0.0148575
0.0149849
0.0228874
0.00567966
0.0413415
0.0138027
0.00846779
0.0109839
0.0145928
0.00118977
0.0379358
0.00942609
0.00882465
0.0146082
0.0160737
0.0053376
0.00560611
0.0321977
0.00281811
0.001854
0.00502098
0.0245336
0.000875145
0.00107479
0.00657821
0.00406376
0.0172062
0.0118271
0.0100827
0.00544119
0.00161785
0.00211656
0.00141351
0.00588721
0.0617384
0.00953853
0.00333518
0.0322402
0.000948191
0.00536484
0.00547421
0.0039052
0.0215828
0.00601816
0.0230562
0.000417292
0.0201994
0.00340962
0.0026136
0.00991532
0.0062801
0.00331128
0.0147569
0.0101841
0.00998205
0.0178981
0.0159779
0.0175639
0.0238276
0.0159366
0.000249311
0.0347278
0.00362414
0.016755
0.0374827
0.00110662
0.0177888
0.00266218
0.0232319
0.0480565
0.0414922
0.026387
0.0212002
0.0117219
0.00175363
0.00150964
0.00112122
0.0135128
0.0238876
0.0524047
0.0194825
0.00165924
0.0115021
0.0229735
0.0446403
0.00777033
0.0156184
0.0113749
0.00726372
0.00209445
0.010832
0.0132035
0.0280044
0.00614584
0.0179454
0.0101481
0.0536007
0.0189976
0.00569109
0.00156772
1.90735e-05
0.00500357
0.0177054
0.0598618
0.0109758
0.0230262
0.0573169
0.0134003
0.0651153
0.000656128
0.0208775
0.00634456
0.0123472
0.0038124
0.0222269
0.0171792
0.0018276
0.0182574
0.0077408
0.0185741
0.0198804
0.0219875
0.00637633
0.0112464
0.0212251
0.00526351
0.00204986
0.029351
0.00493836
0.0729952
0.0170984
0.0212181
0.0141859
0.00180072
0.00544494
0.0122669
0.0056231
0.00432003
0.0230045
0.0237103
0.0185377
0.0102214
0.0178122
0.0212398
0.00368005
0.0235293
0.00819145
0.0297158
0.0654776
0.0191453
0.00123376
0.00141203
0.00397676
0.0597158
0.00471407
0.0118984
0.00217076
0.0174
0.0238755
0.00798941
0.0120456
0.000310302
0.0168256
0.0195574
0.0161818
0.00479853
0.000430286
0.0160863
0.00101066
0.0127887
0.00559419
0.0247347
0.024
0.020823
0.0027558
0.0179434
0.00627816
0.0567318
0.00521672
0.0179659
0.0576833
0.00850622
0.0545553
0.00892574
0.0257196
0.00754935
0.0258762
0.00531935
0.0263188
0.00124252
0.00054729
0.0100434
0.014084
0.000564694
0.00141376
0.00689045
0.0152932
0.00905401
0.00598633
0.0218465
0.00809926
0.0111037
0.0132709
0.00764287
0.0695096
0.000825405
0.00430343
0.0179952
0.00746223
0.00432259
0.00315213
0.0148828
0.000778615
0.00559762
0.0160463
0.0137249
0.0240604
0.00247735
0.0156032
0.0228613
0.00778493
0.00241012
0.0185225
0.00172596
0.0284086
0.013712
0.0118268
0.0119129
0.00818846
0.0494313
0.000537097
0.0119038
0.00340145
0.0140546
0.060948
0.00316042
0.0311064
0.0243365
0.0247966
0.00364351
0.00604403
0.00208975
0.011074
0.00812155
0.0586467
0.00349042
0.0062278
0.0207417
0.025606
0.0178322
0.010656
0.0202383
0.0124767
0.000408411
0.0284629
0.0236055
0.00645912
0.0070688
0.0200099
0.0262288
0.0144001
0.0102427
0.0153651
0.0170857
0.0170807
0.00644273
0.0238348
0.00448442
0.0113307
0.0199723
0.00671947
0.00882494
0.0837693
0.00171703
0.0260142
0.0144631
0.0237195
0.0243234
0.011816
0.0539207
0.00155564
0.00568697
0.00846493
0.00678316
0.0726838
0.00129038
0.00054127
0.0547288
0.0360397
0.0121303
0.0220724
0.00531133
0.0237186
0.00391656
0.0165369
0.00558275
0.0713722
0.0100216
0.00297278
0.022561
0.0339345
0.0168487
0.0185361
0.0282247
0.00528872
0.0192797
0.0105876
0.00320536
0.00193745
0.00774562
0.00714003
0.0145142
0.0257286
0.01335
0.0143355
0.00231147
0.0166202
0.0263922
0.0149196
0.0214155
0.0124227
0.0184487
0.0177478
0.0703903
0.0234753
0.00876635
0.00825371
0.0212212
0.0262049
0.00180787
0.00813828
0.000876039
0.0182479
0.00587016
0.00234938
0.0461615
0.0060913
0.00680146
0.010872
0.0209786
0.00508711
0.0218051
0.00433707
0.0148461
0.0119848
0.0154007
0.00141466
0.0120179
0.00768593
0.0241978
0.0355181
0.00236574
0.0152256
0.00146466
0.0137808
0.000481129
0.013474
0.0452662
0.015735
0.0160999
0.00965881
0.0226546
0.00338823
0.0113409
0.00165749
0.00135648
0.0153219
0.00254563
0.00249857
0.0113037
0.0155246
0.0168912
0.0538381
0.011764
0.0635156
0.000967085
0.011015
0.0178914
0.0593219
0.0332319
0.0131174
0.00811782
0.00283289
0.00507646
0.000263631
0.0160347
0.00773567
0.0224715
0.0255972
0.00197011
0.015257
0.0392379
0.0111184
0.0588748
0.0145938
0.0567554
0.0208284
0.0361098
0.00119454
0.0013569
0.0284132
0.0190111
0.00360262
0.0376249
0.014601
0.0603466
0.00626486
0.0242712
0.0258543
0.00192016
0.00177211
0.00936526
0.00164384
0.0143717
0.0151843
0.0242357
0.0119827
0.00128144
0.0105428
0.0103617
0.01682
0.00109673
0.00118017
0.0254071
0.0222244
0.0077824
0.00334599
0.0206321
0.0122781
0.0525404
0.00998397
0.00274524
0.000258684
0.0122585
0.011745
0.00160168
0.0061363
0.00452531
0.0122553
0.00376356
0.00255191
0.0202982
0.00892466
0.0315293
0.0477387
0.0284499
0.0223123
0.00150293
0.0200789
0.0113512
0.0517606
0.0239197
0.0227357
0.0265921
0.0183859
0.0264519
0.0216428
0.0257369
0.0114479
0.0122332
0.0118036
0.0200037
0.00476167
0.00129884
0.00314671
0.0126299
0.0419114
0.00443035
0.000230193
0.0180423
0.0118462
0.0190684
0.000555992
0.0132219
0.0145056
0.00979365
0.0258163
0.0120715
0.0205248
0.0100849
0.00888023
0.0112038
0.0167539
0.0189062
0.0320253
0.0201504
0.000376642
0.000426173
0.0198142
0.00697374
0.0158301
0.0136618
0.00920767
0.00747603
0.000572026
0.0174352
0.0167835
0.0209881
0.0237354
0.00258029
0.0639581
0.0235609
0.00163497
0.0085725
0.00468653
0.00543565
0.0185039
0.0068928
0.00973463
0.000446022
0.00199789
0.0108674
0.0116777
0.0257027
0.00635459
0.0359295
0.00020051
0.0216239
6.43134e-05
0.0118791
0.0182571
0.018456
0.0017584
0.015493
0.000369608
0.01411
0.0103971
0.0146396
0.00982761
0.0243967
0.0024882
0.0262911
0.0265826
0.000487134
0.0259465
0.00917932
0.00219613
0.00471687
0.00409174
0.0228819
0.00562674
0.0116735
0.00226405
0.0732333
0.0358725
0.00686115
0.0195787
0.005521
0.0182073
0.0348267
0.00107813
0.00129277
0.00261933
0.0220762
0.0105333
0.0135629
0.000644028
0.0366622
0.013633
0.0210282
0.0387894
0.00403714
0.0494486
0.0238468
0.000955105
0.00819653
0.0141518
0.0384169
0.000945508
0.0558249
0.00951511
0.0199466
0.00277664
0.0047673
0.00175488
0.0207344
0.0221845
0.00817025
0.000247717
0.0239421
0.0116977
6.27488e-05
0.0125058
0.011138
0.0541223
0.00106257
0.0359396
0.0178632
0.00522548
0.00093931
0.0137944
0.00853917
0.00316978
0.00576204
0.0179041
0.0178343
0.00815794
0.0147791
0.00902912
0.00359279
0.053353
0.0159442
0.0237631
0.0174111
0.0103768
0.000660054
0.00844069
0.000508845
0.000460982
0.0103623
0.0136485
0.00416192
0.00283343
0.0150089
0.0109953
0.0166978
0.00145727
0.0242468
0.00665718
0.00717679
0.00927815
0.0127512
0.0045982
0.0242547
0.0251267
0.000525296
0.0263182
0.0206945
0.0232286
0.0137292
0.00620198
0.00263005
0.0166907
0.000235736
0.062702
0.00850028
0.0193866
0.00871667
0.00846827
0.00847408
0.0138452
0.00981671
0.0154686
0.00374937
0.00487229
0.00906818
0.0485603
0.00489622
0.0162225
0.00925404
0.0197651
0.0121992
0.000798702
0.0231931
0.0115533
0.0235589
0.0418345
0.00216347
0.0112094
0.000503004
0.00636038
0.022741
0.0188695
0.00636357
0.0200291
0.0134324
0.000558674
0.0145049
0.00311226
0.0511942
0.0501202
0.00243926
0.0029912
0.00777411
0.00469473
0.019417
0.0181354
0.0156578
0.0305367
0.0397963
0.00572798
0.00460225
0.00563419
0.0218516
0.0108444
0.00299352
0.0127035
0.000145733
0.0059436
0.0247632
0.00710273
0.0108655
0.0198674
0.0173209
0.0248503
0.0195975
0.0105612
0.0554072
0.00288159
0.00243843
0.0635381
0.0182715
0.0130146
0.0041737
0.00122917
0.00497788
0.00545228
0.0239336
0.0112842
0.0128341
0.0135347
0.00390577
0.00878632
0.00158429
0.0200598
0.00320727
0.0196882
0.00449851
0.0479764
0.00203711
0.000317454
0.0100446
0.00693601
0.0186514
0.0125723
0.0118366
0.00150537
0.0249963
0.0147844
0.0235049
0.0563233
0.0225564
0.000678182
0.00449705
0.0026812
0.0128217
0.00482145
0.0202843
0.00946128
0.0133673
0.00251192
0.00254735
0.00849354
0.00162089
0.0249701
0.00916392
0.0176787
0.00828725
0.060579
0.0242106
0.0217997
0.0128552
0.00674517
0.0577248
0.00738788
0.00272661
0.00886516
0.00503051
0.0138461
0.0265122
0.0237392
0.0124506
0.00531685
0.00759849
0.0193142
0.00430721
0.0185723
0.0545918
0.0136716
0.0480399
0.0158836
0.0173095
0.00197935
0.0118651
0.00289384
0.00551564
0.0656485
0.00030309
0.0381522
0.00807118
0.00705713
0.0379262
0.0173398
0.0223777
0.00890848
0.041858
0.00413549
0.0226119
0.0121994
0.0029366
0.00720054
0.0225734
0.00529118
0.00599687
0.00202179
0.0206041
0.0157263
0.0230003
0.0144533
0.0160934
0.00710122
0.000519574
0.0168107
0.00607318
0.0172605
0.00427967
0.015344
0.0256829
0.015199
0.00256211
0.0143935
0.0196639
0.00416318
0.00911397
0.0242634
0.0254001
0.018758
0.00210834
0.00391591
0.00231373
0.00936711
0.0602088
0.00275159
0.0434746
0.0257398
0.0202912
0.0120766
0.00927211
0.000876844
0.00368971
0.000138342
0.00547695
0.00858057
0.000344455
0.000522658
0.0109823
0.00130153
0.0129982
0.03472
0.00040108
0.00356048
0.00180686
0.0197007
0.0491947
0.0242855
0.000747651
0.00459936
0.0115879
0.000990629
0.0109577
0.00626016
0.00282407
0.033528
0.0035222
0.00844729
0.0203193
0.0134233
0.0224611
0.0261885
0.0165439
0.00224954
0.000529081
0.0158951
0.00505441
0.00119889
0.00895011
0.0144817
0.0266153
0.00803693
0.0236875
0.00501019
0.00157815
0.0104563
0.00612305
0.0138366
0.00548777
0.0174186
0.0289832
0.0163965
0.0112941
0.018569
0.0204229
0.0183418
0.0115041
0.00123161
0.00866902
0.010388
0.0046694
0.0171261
0.0167349
0.0124403
0.00288263
5.94854e-05
0.0570432
0.0104513
0.0195589
0.00813472
0.0147101
0.00261524
0.0134613
0.0555936
0.0121118
0.0173235
0.00134993
0.0109753
0.00450766
0.00124604
0.0154173
0.0124387
0.00572631
0.0407278
0.011314
0.011999
0.0524555
0.0203539
0.00108194
0.0168647
0.00372493
0.00130981
0.0463289
0.0104272
0.0119534
0.0074479
0.0292652
0.0645643
0.000672042
0.00326377
0.00810081
0.00583625
0.0264967
0.0187119
0.0221475
0.0103551
0.017643
0.000362888
0.026616
0.0158632
0.0259843
0.0156215
0.00132555
0.0152065
0.00301522
0.00643322
0.00409639
0.0414156
0.00515535
0.00374943
0.0173209
0.00163692
0.000934422
0.0055123
0.000212729
0.0103528
0.0142174
0.0144844
0.0024671
0.00964888
0.00675613
0.0093925
0.00309974
0.00213003
0.0230632
0.00624293
0.0204253
0.0170361
0.00219893
0.0132255
0.00505754
0.0136084
0.0168305
0.013187
0.00926438
0.0196393
0.016233
0.00553399
0.0169523
0.000493884
0.014355
0.0227065
0.00858915
0.0109785
0.0181797
0.00174761
0.0200305
0.00134695
0.00764084
0.00205383
0.00266159
0.0242855
0.0206924
0.0014987
0.000444792
0.00199902
0.0133985
0.0103589
0.0149602
0.0169457
0.0200664
0.0499877
0.0173534
0.0231431
0.0217208
0.00154233
0.00803331
0.00812668
0.0162857
0.019537
0.00639535
0.000377774
0.00374913
0.00387031
0.0241896
0.0183741
0.0170449
0.000614345
0.00920528
0.0393083
0.00029093
0.00475904
0.00289983
0.0478645
0.02391
0.000642657
0.0144011
0.071996
0.0267511
0.0159468
0.00987083
0.0275796
0.0244515
0.0168501
0.013802
0.00242707
0.0547338
0.0170122
0.0187253
0.0216694
0.0037953
0.0140514
0.0209317
0.00404045
0.0065167
0.00642079
0.00152647
0.00109778
0.00645435
0.00302614
0.00343615
0.0164564
0.0283857
0.00345993
0.00361364
0.0105986
0.0618402
0.00459459
0.001109
0.00174546
0.00313133
0.00247753
0.0128692
0.00263843
0.0206099
0.00974351
0.000418961
0.0214328
0.0235806
0.00606874
0.0201187
0.00376856
0.0178844
0.0559393
0.00447374
0.0539646
0.0592529
0.000476301
0.0630478
0.0143717
0.0140744
0.0180485
0.00348198
0.0135515
0.011768
0.0201468
0.0290564
0.00177145
0.0241179
0.0170058
0.00920504
0.00197941
0.0169237
0.0415311
0.00391635
0.00290585
0.00547552
0.00331125
0.0010942
0.00951898
0.0241689
0.0140385
0.0126504
0.00198328
0.0221377
0.0123184
0.0141719
0.00625986
0.00409687
0.0100997
0.00942555
0.0144423
0.0179028
0.0155434
0.0218451
0.00182196
0.0205054
0.00165355
0.0108539
0.0108661
0.00701208
0.0166612
0.0128191
0.0198202
0.0130111
0.0224748
0.00956064
0.0224592
0.0159682
0.00748593
0.0298458
0.012742
0.0176653
0.0244077
0.0518516
0.00766739
0.0013299
0.00162528
0.0110179
0.0113045
0.0099948
0.00313163
0.00335425
0.0477544
0.0685847
0.013545
0.00127441
0.0221441
0.0259741
0.00743264
0.00329503
0.0231489
0.00998831
0.00214213
0.0175945
0.00741333
0.0170033
0.0236322
0.0133738
0.00402206
0.000717282
0.024193
0.020222
0.00947937
0.0182544
0.00742668
0.0225915
0.0116688
0.0154637
0.00740224
0.0122477
0.0141058
0.00780607
0.000832886
0.0058372
0.0117146
0.0139981
0.00665367
0.0191534
0.00241429
0.00794819
0.00649485
0.0127187
0.0239429
0.000277981
0.0119972
0.0240971
0.0240083
0.0223595
0.0110175
0.0137674
0.0182704
0.00341529
0.0100668
0.0237586
0.0187029
0.0283408
0.00145787
0.0167539
0.00222933
0.00790319
0.0321293
0.0684001
0.0438281
0.00761318
0.0102478
0.0185194
0.0227182
0.0245698
0.00157142
0.00372601
0.0240411
0.00936437
0.0266895
0.0170222
0.0226774
0.013651
0.00726974
0.017341
0.0105972
0.0131648
0.0110579
0.0252723
0.0134747
0.0232924
0.00765604
0.0128831
0.00190727
0.0176906
0.0207956
0.0103217
0.0157278
0.00382993
0.00428706
0.0195749
0.00449497
0.022077
0.000203729
0.021138
0.00491917
0.00535366
0.0154684
0.00362206
0.000227511
0.00873148
0.0102723
0.0355533
9.53674e-05
0.0051704
0.00262789
0.0164299
0.0167506
0.0175719
0.00894296
0.0095939
0.00567275
0.0150767
0.0121292
0.00190723
0.00513646
0.0227454
0.0126641
0.00481644
0.0249963
0.0257758
0.00811076
0.0397287
0.0116655
0.0110203
0.0166093
0.00359172
0.0586657
0.00147378
0.00342456
0.0134839
0.0254374
0.026145
0.0222479
0.0172196
0.00590992
0.00539895
0.00217861
0.0322385
0.007662
0.0262471
0.0039264
0.00202155
0.00995898
0.0637382
0.0221911
0.0610054
0.000865877
0.00219226
0.0221101
0.0242059
0.00880226
0.0231099
0.0136605
0.00137866
0.0261095
0.00120932
0.00158621
0.0102177
0.0080629
0.0237438
0.000871599
0.00457495
0.00980097
1.28541e-05
0.00677237
0.00943556
0.0161408
0.0174419
0.0147817
0.0239242
0.0261406
0.00372957
0.0174867
0.00187206
0.0070062
0.0157207
0.000808656
0.0125043
0.00957507
0.0135048
0.0250338
0.0149068
0.0150198
0.0206363
0.000796676
0.00156281
0.0704623
0.0121118
0.016044
0.0148312
0.000751972
0.0239104
0.00184792
0.0142752
0.0138253
0.0131229
0.0146317
0.0051384
0.00296468
0.000294149
0.014938
0.00728923
0.000412285
0.0159297
0.00900769
0.00851859
0.00985438
0.0166179
0.00286388
0.0121347
0.0657743
0.00589353
0.0207598
0.0198477
0.0176459
0.00988704
0.0143001
0.00393574
0.017472
0.0142007
0.00201994
0.00724629
0.0610859
0.000666142
4.96507e-05
0.0106139
0.00546745
0.0448917
0.00309414
0.0145511
0.0106791
0.0293086
0.0560071
0.0532391
0.0212022
0.00501394
0.0192833
0.0100101
0.00185071
0.00236517
0.0145311
0.00253457
0.0169136
0.00393064
0.00281745
0.00269949
0.020736
0.0161802
0.0129306
0.0208564
0.0172833
0.000611544
0.00332257
0.00199664
0.000533044
0.00488883
0.0230771
0.0186298
0.0203022
0.00362775
0.0157247
0.00868464
0.00756788
0.0138269
0.0206952
0.00971887
0.00270742
0.00785106
0.023364
0.00134736
0.0186335
0.00354284
0.00113645
0.00423676
0.0106511
0.00619751
0.00600564
0.00869215
0.008362
0.0132852
0.00217608
0.0217211
0.0231492
0.00110537
0.000660777
0.00197738
0.00122827
0.00174057
0.0102826
0.00852412
0.0174911
0.015321
0.0641929
0.00439286
0.000378609
0.0203764
0.00233179
0.0183653
0.0256981
0.00572117
0.00197315
0.00814331
0.0215169
0.0429764
0.0268092
0.00078699
0.00826037
0.00232226
0.00616109
0.0192066
0.00203773
0.035931
0.0134278
0.0208513
0.00666565
0.0147591
0.0203297
0.00220397
0.0206485
0.00328702
0.000607193
0.0137386
0.00253904
0.00267842
0.0183066
0.0129938
6.90818e-05
0.0183788
0.00873345
0.0142161
0.00332627
0.0626668
0.0191341
0.00107729
0.0237374
0.00811994
0.00625329
0.0111899
0.0120013
0.0234037
0.00217128
0.0171257
0.0309854
0.00623143
0.0116691
0.0369726
0.00155109
0.00114107
0.0036791
0.0221946
0.01714
0.0157026
0.0167388
0.001037
0.00618637
0.0501616
0.00763825
0.00187492
0.0150483
0.0261692
0.00449751
0.00291479
0.0106785
0.0162929
0.00539386
0.000673383
0.0235021
0.00208771
0.059118
0.0108454
0.0121281
0.0069856
0.0227093
0.006477
0.00955248
0.00717005
0.000629805
0.0260972
0.000115573
0.000599504
0.00239182
0.00359917
0.0264375
0.0107502
0.0168008
0.0249133
0.00100762
0.00839029
0.0112793
0.0234562
0.00952131
0.015425
0.0502216
0.00702061
8.84533e-05
0.00688297
0.0245923
0.0225212
0.01748
0.0240951
0.0183925
0.00813457
0.0255899
0.00192678
0.0154989
0.0108527
0.00725228
0.00959107
0.0040583
0.0302968
0.00840861
0.00399318
0.0161685
0.00186789
0.0225446
0.0440082
0.0183365
0.0241843
0.0183207
0.0100749
4.46439e-05
0.000259399
0.0100317
0.0260354
0.0222003
0.0174048
0.0128418
0.00397825
0.0174144
0.00587964
0.0229934
0.00747514
0.0137121
0.021192
0.0668767
0.0185743
0.00231829
0.0293821
0.00117379
0.0121077
0.0171167
0.0239988
0.00116938
0.00861397
0.0271442
0.0429891
0.0205397
0.00245842
0.0167166
0.00893663
0.0484014
0.0110024
0.00123221
0.018346
0.00649941
0.00637636
0.0018332
0.0069074
0.0102988
0.0265876
0.0243025
0.00858086
0.004614
0.00521284
0.0214726
0.0139886
0.000178754
0.00601509
0.00109673
0.0150904
0.0149256
0.0215373
0.0218864
0.0242148
0.0172603
0.0151311
0.00772054
0.0248832
0.0170003
0.0187355
0.0136978
0.00966918
0.0204925
0.0165886
0.0242202
0.0214816
0.048188
0.00443809
0.0446138
0.016422
0.00174487
0.00271535
0.00880688
0.0044499
0.0131838
0.0185857
0.0116054
0.0358624
0.000212878
0.0384085
0.0223083
0.00207335
0.035017
0.00399786
0.0190827
0.00728232
0.00160646
0.0246707
0.0507619
0.0376976
0.0297332
0.0537034
0.00865692
0.0128929
0.00378665
0.0115925
0.022273
0.0182531
0.00832734
0.0427226
0.00134686
0.0122931
0.0351053
0.000879258
0.0451974
0.0118718
0.00319892
0.01379
0.000628263
0.0126379
0.0163875
0.00484955
0.0220898
0.00940321
0.00889389
0.00561307
0.0660025
0.00199357
0.0187296
0.0178359
0.0125125
0.00122386
0.00590783
0.0371112
0.00352365
0.0223688
0.0486804
0.0052346
0.00956654
0.0317175
0.026306
0.000694454
0.018482
0.0157437
0.0104085
0.0275472
0.01693
0.0278254
0.00255638
0.0283012
0.0217396
0.0229715
0.00470304
0.0147523
0.02429
0.0163713
0.0628062
0.00499845
0.00500578
0.00154376
0.00288248
0.00947475
0.0626746
0.00415319
0.0164882
0.0274279
0.0259534
0.00858609
0.0286102
0.022117
0.0621775
0.000670195
0.0102391
0.0205179
0.0148967
0.00806189
0.016115
0.00404224
0.0180921
0.00823787
0.00157529
0.00244799
0.0266493
0.0109228
0.0170485
0.00964555
0.0229151
0.0241858
0.0151227
0.0374184
0.0155865
0.0031611
0.00264198
0.0289449
0.0253958
0.00871646
0.0157067
0.0155382
0.00978547
0.00910425
0.00854445
0.0158284
0.00941614
0.00922376
0.0187257
0.00239702
0.0356463
0.0135131
0.0130845
0.042136
0.00820208
0.0159507
0.0213538
0.000641942
0.00112396
0.0194461
0.0157898
0.026697
0.0165087
0.00140983
0.00124663
0.0335872
0.00131848
0.00603223
0.00695843
0.0318496
0.0445335
0.00886309
0.00773329
0.0156698
0.000336707
0.00695157
0.0234474
0.0228716
0.00744641
0.0218958
0.00343941
0.0143062
0.0491797
0.0108021
0.0211161
0.00185338
0.0219494
0.00131136
0.00163281
0.00639305
0.0544596
0.0189921
0.0112375
0.00620109
0.0095899
0.0186589
0.00636667
0.0213399
0.00225757
0.0186917
0.0077756
0.020463
0.0192412
0.0321353
0.0162734
0.00556612
0.00855924
0.0210028
0.00223094
0.0165406
0.0034914
0.00542819
0.00236189
0.0317237
0.000229418
0.0075171
0.00654584
0.0168801
0.00772026
0.000283659
0.044339
0.0256087
0.0180006
0.0206162
0.0220208
0.00726026
0.000235021
0.00102162
0.0600863
0.04047
0.00369108
0.00971645
0.00213433
0.00302315
0.0229376
0.0171509
0.000686586
0.00404847
0.0013656
0.00526088
0.0561102
0.00977993
0.00680709
0.00825557
0.0193808
0.00661591
0.017516
0.00956293
0.00980893
0.0177324
0.0176477
0.00671606
0.00859004
0.0138004
0.00136065
0.0255169
0.0199063
0.0376963
0.0150417
0.00701851
0.0220547
0.00688025
0.0205571
0.000970423
0.0134171
0.0789855
0.0151456
0.0141023
0.0293064
0.0233574
0.0191171
0.00154573
0.0203171
0.00423843
0.0120446
0.0107837
0.0114628
0.00309443
0.0209794
0.0123671
0.00150364
0.0114113
0.0175125
0.0235304
0.00275156
0.00141072
0.0143524
0.00277749
0.00709298
0.0218475
0.0125071
0.02566
0.018226
0.0210148
0.00122261
0.0069918
0.0135396
0.0137605
0.0197143
0.00786836
0.00679964
0.0203717
0.0232305
0.0232802
0.0185446
0.028266
0.0176323
0.0108311
0.00703824
0.00809824
0.00268954
0.00441891
0.00761017
0.011283
0.00935268
0.0125182
0.0242475
0.00152993
0.0131573
0.0229771
0.0265897
0.0216533
0.00826685
0.0172821
0.0172012
0.0109063
0.0156731
0.0118269
0.0241497
0.0152352
0.0711896
0.00511289
0.0185012
0.00447136
0.00783986
0.00133061
0.0200855
0.0113531
0.0112538
0.0112538
0.000480548
0.01052
0.0159892
0.0211704
0.0460514
0.0233842
0.0117162
6.44922e-05
0.00602549
0.00602672
0.0346425
0.00216237
0.0187718
0.00667557
0.0136875
0.0241383
0.0102765
0.00834256
0.0133227
0.0195284
0.0156878
0.00326809
0.00190067
0.0216451
0.00782108
0.00511218
0.017837
0.0170117
0.00207084
0.0203442
0.000740528
0.0130166
0.0387752
0.0243122
0.0133759
0.00703269
0.000322759
0.0145107
0.0171739
0.00268632
0.00446936
0.00654081
0.00401497
0.00330609
0.000694633
0.00431094
0.025179
0.00564718
0.00323135
0.0027042
0.0218064
0.0249884
4.22001e-05
0.00520679
0.00637525
0.00393552
0.0104471
0.00637525
0.0227357
0.0019055
0.0136067
0.0194942
0.024029
0.0153911
0.020201
0.00708759
0.0572457
0.0229882
0.00132465
0.0158636
0.00782202
0.0032602
0.0172723
0.00136018
0.00713354
0.00306743
0.0270833
0.00349936
0.0221169
0.0193458
0.0178536
0.0159789
0.00589347
0.00192776
0.00221753
0.00452268
0.0253495
0.0129939
0.00518399
0.0326786
0.0151677
0.0298958
0.000180304
0.0439533
0.000923038
0.0104448
0.0131706
0.000207484
0.00574749
0.0118068
0.00399023
0.0190088
0.000631928
0.0177723
0.00876462
0.0483434
0.0104465
0.00535798
0.00342387
0.0215601
0.013837
0.0212824
0.010812
0.00496718
0.019128
0.0066433
0.0217317
0.0278246
0.0253688
0.00641862
0.00557691
0.00115436
0.00147909
0.0010529
0.0246623
0.00666237
0.0217554
0.0196072
0.00329703
0.00145483
0.0239151
0.066904
0.00437009
0.000695586
0.0123246
0.0260752
0.00517398
0.056187
0.0223018
0.00995469
0.0034768
0.0144649
0.000631869
0.0131152
0.00403193
0.00864697
0.00550097
0.0119729
0.00137773
0.0241861
0.00527108
0.0037564
0.00530387
0.0302248
0.0346829
0.0131129
0.0205575
0.00691476
0.00976986
0.00966361
0.0052399
0.00480266
0.0184012
0.00227052
0.000192523
0.00626951
0.012337
0.00442063
0.0109193
0.0517752
0.0213284
0.0197525
0.0223258
0.014903
0.0394315
0.0100881
0.0377482
0.00120795
0.0341827
0.0550413
0.00265795
0.00290853
0.000166148
0.0165427
0.01187
0.0037545
0.0160918
0.00958782
0.00874433
0.0159272
0.0339094
0.0204575
0.00338191
0.0135033
0.0181713
0.0190746
0.0111259
0.0035345
0.0114925
0.014806
0.0151402
0.0149479
0.0369707
0.00185412
0.0168366
0.01131
0.00386569
0.0505644
0.00164044
0.00622237
0.0330328
0.0171376
0.000358999
0.00850605
0.00674182
0.0229413
0.0118753
0.0105913
0.00788003
0.00687048
0.0218115
0.00122884
0.0110059
0.0250368
0.012739
0.00913355
0.00550729
0.0202507
0.0182208
0.00922912
0.0153938
0.000400454
0.0375439
0.00159198
0.0170227
0.0571072
0.00748694
0.000520453
0.0452523
0.000207841
0.00936796
0.0111057
0.00349039
0.00633037
0.0348951
0.00590153
0.0178259
0.00149107
0.0234764
0.0083241
0.0261904
0.000828207
0.0165868
0.0195463
0.0216153
0.00755346
0.0173447
0.00951532
0.00178277
0.00108123
0.0211405
0.00960267
0.00226295
0.0100402
0.014711
0.000977099
0.00286131
0.0166351
0.0286123
0.0165564
0.00636858
0.0192794
0.0187074
0.00335526
0.00639427
0.0252757
0.0244762
0.0145093
0.02362
0.00213182
0.0117735
0.00769787
0.00714746
0.0537935
0.011479
0.0131147
0.00212395
0.023581
0.00302082
0.00790599
0.0183853
0.0154422
0.0267037
0.0114225
0.0141301
0.0120807
0.00294673
0.0177865
0.00600606
0.0171087
0.00330412
0.0149726
0.0168598
0.0173952
0.023805
0.00294548
0.0196853
0.00871655
0.0142154
0.0131307
0.0153915
0.00342052
0.0274571
0.0123485
0.0155261
0.0573832
0.000332892
0.00418693
0.0254442
0.059636
0.0144296
0.00311977
0.000131398
0.0136878
0.0128062
0.00217335
0.00139117
0.0226724
0.0166493
0.0449843
0.00338489
0.011868
0.0197635
0.0123762
0.00495524
0.00469267
0.00300264
0.0202304
0.00414622
0.0186781
0.0234708
0.00840276
0.00268781
6.25849e-05
0.0139222
0.00810087
0.00124192
0.0238403
0.000519276
0.00237814
0.000618815
0.0643647
0.00711331
0.00121546
0.00288188
0.00160682
0.00412917
0.0239846
0.0174996
0.011447
0.00214738
0.00280154
0.0242499
0.0051201
0.00110763
0.00878007
0.00565815
0.0184416
0.00973696
0.0049223
0.00140241
0.0234259
0.0497426
0.000378229
0.0263988
0.0241897
0.0227553
0.00121188
0.0624427
0.00142443
0.00815448
0.00197917
0.0172072
0.034519
0.0170479
0.0241964
0.00918159
0.0102237
0.0240347
0.00927866
0.0560663
0.0261854
0.0176979
0.0287271
0.0153667
0.00188339
0.0141142
0.00903896
0.00763321
0.00116694
0.0181289
0.00390086
0.0555969
0.00605168
0.000342667
0.0177303
0.0472389
0.0142961
0.00830562
0.0212902
0.00274307
0.00434399
0.0101876
0.00973493
0.00182259
0.00533938
0.0493655
0.0148365
0.00353855
0.0181734
0.0517506
0.00103372
0.0148297
0.0386425
0.0164853
0.0239962
0.0159905
0.00389081
0.00493157
0.0300586
0.00156599
0.00192285
0.015476
0.00121272
0.0128216
0.00136757
0.0104218
0.0154227
0.0153902
0.0188377
0.00209904
0.00500077
0.00396608
0.0166033
0.0180871
0.0192433
0.00348771
0.018299
0.0185311
0.0170874
0.056805
0.0142323
0.011575
0.0451466
0.0199984
0.00149149
0.00820997
0.0169309
0.00890107
0.0165607
0.00449896
0.00653431
0.00591779
0.0241044
0.0208647
0.0116589
0.00254041
0.0281357
0.0137447
0.0121569
0.0265962
0.0206988
0.0205125
0.0202108
0.00310367
0.0049929
0.00280607
0.0400946
0.0171567
0.017849
0.0194796
0.00534025
0.00304133
0.0042237
0.00679016
0.00969717
0.00160486
0.00147128
0.0140316
0.024991
0.0232089
0.0221859
0.0262258
0.00436062
0.00348192
0.00592801
0.0525425
0.00177902
0.0262949
0.0172404
0.00654018
0.00888827
0.012942
0.00737345
0.00149125
0.021447
0.000710845
0.00745511
0.0169203
0.0202144
5.29885e-05
0.00873336
0.0174487
0.0162846
0.000586867
0.00152594
0.0229305
0.0239805
0.0152872
0.00894187
0.00832981
0.0394068
0.0074409
0.00463341
0.00133854
0.00635139
0.00100434
0.00454599
0.05056
0.0114672
0.0180932
0.0143878
0.005283
0.00661016
0.00301027
0.0241822
0.0161523
0.0633173
0.0180237
0.00397724
0.00704105
0.00216621
0.00953367
0.0012399
0.0134739
0.0378242
0.0171133
0.0106714
0.00698483
0.0481005
0.00150168
0.00757533
0.0258258
0.0100632
0.00219077
0.00736988
0.00553766
0.0217697
0.0171856
0.0186163
0.0147174
0.0139612
0.00720167
0.00244361
0.0117688
0.003901
0.000632048
0.0453491
0.0153589
0.0117516
0.00094825
0.0163752
0.0205843
0.00956315
0.0189586
0.0487919
0.0121336
0.0492041
0.0209627
0.000410914
0.0261756
0.004906
0.000608802
0.0260427
0.000534415
0.00921237
0.0619216
0.00856409
0.0108077
0.0127678
0.0175989
0.0114357
0.0260268
0.021202
0.0171137
0.0148731
0.0165998
0.00685161
0.0135603
0.0137252
0.0087401
0.00712648
0.00323273
0.0581624
0.00203669
0.0076555
0.000976861
0.0218511
0.0149577
0.0475899
0.00214058
0.0643969
0.0222102
0.00301921
0.0021607
0.0106379
0.0175089
0.0074296
0.0243127
0.0132918
0.019265
0.0340946
0.00104868
0.00788987
0.0263644
0.00406381
0.0166607
0.000830591
0.0124802
0.0188633
0.0248822
0.0165172
0.0051201
0.00880027
0.00277025
0.0124614
0.0021396
0.00241065
0.0248748
0.0240988
0.0509341
0.0588318
0.0185372
0.0148235
0.0209527
0.015216
0.00455809
0.0180011
0.0163259
0.0180378
0.00158852
0.0152662
0.0255457
0.012056
0.0234795
0.00637197
0.0161074
0.00995886
0.0253823
0.009314
0.00227123
0.00104982
0.00912848
0.0512824
0.016503
0.0356931
0.00676896
0.024577
0.00686461
0.0110923
0.0190166
0.00862068
0.0137777
0.020916
0.0177743
0.0619578
0.0163448
0.00881964
0.0196563
0.00625192
0.0590317
0.00703174
0.0188135
0.0238907
0.00246817
0.00010711
0.0731139
0.00136387
0.0354088
0.00897479
0.0110826
0.0162632
0.0038321
0.0226112
0.000201643
0.00603314
0.0253204
0.0136878
0.000966489
0.0158748
0.0074662
0.00470597
0.0851061
0.024315
0.0156324
0.000628591
0.000765435
0.00716794
0.0169767
0.0210717
0.00096947
0.0110765
0.000386894
0.0135873
0.0170148
0.020221
0.0115394
0.0618052
0.011035
0.0192186
0.0209041
0.00643063
0.0227787
0.0343513
0.0170828
0.00450511
0.0203462
0.0153629
0.0170588
0.0361709
0.0272902
0.016078
0.0125951
0.00654387
0.0245469
0.00628561
0.00551376
0.00181293
0.011963
0.00219816
0.0129619
0.00759102
0.0176339
0.00494614
0.0141408
0.00851548
0.0112514
0.00412619
0.0150971
0.00819945
0.0211803
0.0250261
0.0260673
0.0125424
0.0068137
0.0151638
0.0102299
0.00542375
0.0108357
0.0118261
0.000217259
0.00241143
0.0563437
0.00674981
0.0225965
0.0157017
0.0207292
0.071569
0.0142012
0.00778776
0.00941637
0.00518149
0.0300214
0.00228718
0.013285
0.00198272
0.00566107
0.0127916
0.000309125
0.00984659
0.00942194
0.0489907
0.0399593
0.0280745
0.00155026
0.00129402
0.0205057
0.0655601
0.0204564
0.0191373
0.000520796
0.0262969
0.0068076
0.0219512
0.0106913
0.00416105
0.0060879
0.00229394
0.00260288
0.000967562
0.0139104
0.0165226
0.000199258
0.0727201
0.0170714
0.0229637
0.0135786
0.0027225
0.0025872
0.00841981
0.0191656
0.0199794
0.0219639
0.00833707
0.000404358
0.00301099
0.000405431
0.00756216
0.0134214
0.0129943
0.0262309
0.00783002
0.0114662
0.00281823
0.0181734
0.0142319
0.0013482
0.0259537
0.0079754
0.0447322
0.00730669
0.0257033
0.0162266
0.013995
0.0398172
0.00172389
0.0238762
0.0220898
0.0208476
0.00068146
0.00253564
0.0157152
0.0114552
0.0326745
0.0408649
0.027126
0.00193644
8.93474e-05
0.0189826
0.0187865
0.000904739
0.0177365
0.0144147
0.00494361
0.00133723
0.0256192
0.0558858
0.00147624
0.0365948
0.0180827
0.00500816
0.0565965
0.00092563
0.0422971
0.00390672
0.0135133
0.00147742
0.0174761
0.0156402
0.00140613
0.00102037
0.00881055
0.00717443
0.00964352
0.000944555
0.0152992
0.0141747
0.00432903
0.0155375
0.00800849
0.0240966
0.0261873
0.00940776
0.00787151
0.00477333
0.00975949
0.0172936
0.0205823
0.00680566
0.0126221
0.00372016
0.00526838
0.000636578
0.0125668
0.0246598
0.00580478
0.0012306
0.0161476
0.0129754
0.00695548
0.00779811
0.015352
0.00995529
0.0332155
0.0152055
0.0374755
0.0186076
0.0220579
0.0127775
0.00818259
0.00199717
0.00108379
0.0121016
0.0257216
0.00164193
0.0161551
0.0185367
0.0220585
0.0186848
0.00119364
0.0355485
0.0283539
0.0116239
0.00245994
0.019373
0.0514635
0.00894102
0.00752854
0.0224137
0.0129709
0.00286394
0.0089516
0.018711
0.000529587
0.000662769
0.0227737
0.0200436
0.000881225
0.0515043
0.00347406
0.0189687
0.00583863
0.0190448
0.0101978
0.00625065
0.0187997
0.00271493
0.0239455
0.0237339
0.0122823
0.00479277
0.0254748
0.0236568
0.00589234
0.00827989
0.0184819
0.022222
0.0109029
0.00506854
0.00658321
0.0561354
0.026105
0.00943124
0.0133546
0.0642996
0.0188825
0.00975655
0.0138924
0.033819
0.00170982
0.00504719
0.068786
0.0308093
0.0445399
0.037519
0.00057143
0.00011915
0.000376165
0.0213555
0.000950754
0.00134921
0.0250263
0.00370836
0.00974339
0.000288606
0.0118348
0.0051266
0.0186934
0.000744343
0.0156604
0.00101018
0.0173957
0.00279915
0.0105726
0.0096416
0.0107551
0.00327647
0.01453
0.0219899
0.00984436
0.0222669
0.0142471
0.00672328
0.029136
0.00281614
0.00416973
0.00572985
0.0028581
0.0154334
0.0441906
0.00317556
0.0147296
0.0103672
0.00568968
0.00742966
0.000491798
0.00686246
0.0135183
0.00537866
0.0264965
0.0238465
0.000698566
0.00202045
0.00329828
0.0166931
0.0117537
0.025127
0.0190877
0.00866121
0.027325
0.000153065
0.00256592
0.0119838
0.017031
0.0761026
0.0094893
0.0428798
0.000895083
0.0564596
0.021844
0.00678575
0.0145276
0.0298356
0.0195719
0.0119581
0.0229961
0.00172138
0.0170062
0.0203273
0.0228748
0.0556093
0.0195578
0.00415367
0.00443536
0.00937179
0.00912637
0.0173399
0.0212471
0.00399724
0.0215073
0.0166161
0.000121474
0.0216688
0.0115579
0.00824302
0.00807464
0.0186644
0.0108175
0.0373097
0.0151678
0.0261412
0.0160348
0.0135901
0.0108097
0.0608011
0.00390667
0.00728643
0.00121605
0.0258693
0.0109768
0.036345
0.0201469
0.0229318
0.0237658
0.000353098
0.0215335
0.00694245
0.0218375
0.0535111
0.00396383
0.00420445
0.0147418
0.0202505
0.00568718
0.00637142
0.00207269
0.00411043
0.00371337
0.0243545
0.00564189
0.0199274
0.0031206
0.00123405
0.0207628
0.00972193
0.0109153
0.0115478
0.0660103
0.00211674
0.000176623
0.0126356
0.0086363
0.0107092
0.0125843
0.00820202
0.00556606
0.0204892
0.0112272
0.00574192
0.0237855
0.0207025
0.0102506
0.00757784
0.00245583
0.0185489
0.0151134
0.00315285
0.0120387
0.0241867
0.000664473
0.0257396
0.0063321
0.0259875
0.0112635
0.0116364
0.00229156
0.0145992
0.00809994
0.00152951
0.00942735
0.0211815
0.0176589
0.00336224
0.015992
0.0220397
0.00351146
0.0241945
0.0242995
0.00421774
0.00386369
0.000259459
0.0105515
0.00891083
0.00724512
0.0386951
0.00667538
0.0183108
0.00508156
0.0203774
0.00939736
0.0205928
0.00631744
0.000542819
0.0167687
0.00105391
0.0465926
0.0169534
0.0138417
0.0242553
0.0118604
0.0258077
0.0204538
0.00282443
0.00128216
0.00176543
0.00154108
0.0243798
0.0365526
0.0243526
0.00189847
0.0154613
0.00612335
0.000392243
0.0114874
0.0122151
0.0236277
0.0126799
0.0111558
0.0141314
0.0147399
0.0140319
0.01399
0.0154214
0.0189357
0.00251913
0.00914824
0.0142382
0.00510073
0.0239938
0.0205994
0.00920713
0.0136754
0.00621903
0.0178505
0.0123679
0.0213573
0.0104964
0.0185186
0.00858791
0.0222656
0.00262606
0.0146845
0.0296374
0.000535429
0.0019826
0.024038
0.00491971
0.0038223
0.00557543
0.0119219
0.00176609
0.0149697
0.0216235
0.0122035
0.0241175
0.0207556
0.00173372
0.00180644
0.0221267
0.0245622
0.00421971
0.0135042
0.00571944
0.0190117
0.0225092
0.00615615
0.0151508
0.0557327
0.00963811
0.0187595
0.00806209
0.0154603
0.0118433
0.00145748
0.0143456
0.0147939
0.00744972
0.019802
0.0156381
0.0545814
0.01659
0.00955493
0.0014025
0.032362
0.0491346
0.00936469
0.00611311
0.00544453
