0.0551476
0.0261931
0.0244333
0.00244787
0.0169156
0.0259004
0.00128049
0.0457378
0.0085761
0.0473631
0.0384245
0.0260565
0.0140983
0.0166214
0.0195934
0.0234054
0.0177273
0.0425137
0.0270051
0.00222437
0.0409868
0.00166891
0.0155147
0.0626302
0.0216194
0.000584194
0.027197
0.0239647
0.0531078
0.0240138
0.0541233
0.0034489
0.0118402
0.024833
0.0111855
0.0255809
0.0131597
0.010743
0.0291849
0.0243702
0.0165372
0.00661033
0.0248439
0.0117873
0.0224475
0.0223064
0.0142762
0.012547
0.0112659
0.00688142
0.0240909
0.0247118
0.0176146
0.0176936
0.0160478
0.0089485
0.0253642
0.00248355
0.0129949
0.019459
0.0259345
0.0153538
0.0134534
0.00944567
0.0207649
9.5576e-05
0.014794
0.0122919
0.0159971
0.00493446
0.0251206
0.0241995
0.0250327
0.00863343
0.0370209
0.0179599
0.0225459
0.0237647
0.0356898
0.00170061
0.00472593
0.0259451
0.0243626
0.0255791
0.0161017
0.00376129
0.00278139
0.010015
0.0236682
0.00877053
0.0235023
0.0424039
0.0162389
0.0146853
0.0211666
0.0180348
0.00893668
0.0109478
0.0121598
0.0143653
0.0103529
0.00058803
0.0260243
0.0242497
0.0160698
0.0181289
0.024298
0.0134349
0.0416986
0.0324539
0.0366502
0.059158
0.0103081
0.0062685
0.0462236
0.0171396
0.00765228
0.00130528
0.00519276
0.00974232
0.00266147
0.025258
0.0624046
0.0216683
0.00553578
0.00660622
0.0265107
0.0209335
0.00973541
0.0105138
0.0198749
0.0128421
0.0268665
0.0667196
0.0302456
0.0272667
0.0096122
0.0221856
0.0120597
0.0224432
0.0194436
0.00734049
0.0227394
0.0102012
0.0409995
0.00258774
0.00337636
0.0251206
0.00058803
0.0250387
0.0208045
0.0152451
0.0221266
0.0134079
0.0352063
0.0302996
0.0102662
0.0111345
0.0202667
0.0179321
0.0201019
0.041945
0.00945976
0.000793844
0.0444284
0.0221589
0.0235214
0.00420683
0.0593262
0.0432395
0.0167286
0.013027
0.0409873
0.0171518
0.0243312
0.0148478
0.0019393
0.00781173
0.00397456
0.0426855
0.017307
0.0164865
0.0416986
0.0253595
0.021409
0.0438075
0.000835964
0.00509214
0.00182376
0.0387455
0.0235468
0.0120781
0.0369614
0.00366831
0.00810969
0.0107805
0.00127906
0.0254669
0.0241092
0.0114038
0.0179016
0.0445142
0.00903583
0.00993049
0.0219934
0.0182999
0.00785896
0.0186968
0.0261783
0.0363497
0.0313896
0.0138767
0.00678335
0.011346
0.0230083
0.0126085
0.0151587
0.0283042
0.0072206
0.0225953
0.00290959
0.0153205
0.0426386
0.0439527
0.0297108
0.0303601
0.0125948
0.0312105
0.0230928
0.0139576
0.0300501
0.0255193
0.00134909
0.0195359
0.028743
0.000873506
0.025744
0.00956607
0.018974
0.0224998
0.00182602
0.00634825
0.0132603
0.00722677
0.0243976
0.0391486
0.00554723
0.00306588
0.0581132
0.00459325
0.00826287
0.0542647
0.0295309
0.0347958
0.0435173
0.0257899
0.00166891
0.00451285
0.00647089
0.0306527
0.0255791
0.00268614
0.0121487
0.0117725
0.000343919
0.00855011
1.43051e-05
0.0260565
0.0108247
0.0368473
0.0153483
0.0202711
0.0258434
0.0357932
0.0247515
0.00371742
0.024582
0.042334
0.0421588
0.0209442
0.0220961
0.0247485
0.025001
0.00675768
0.0145306
0.035948
0.00341302
0.045173
0.0189932
0.0180076
0.00547057
0.0259143
0.0252388
0.0231026
0.0207649
0.00350904
0.0147912
0.0154074
0.0238869
0.00661033
0.00975183
0.0222947
0.0256222
0.0383833
0.0120432
0.0103174
0.03473
0.00570953
0.0260701
0.0172169
0.013907
0.0172794
0.0235601
0.02716
0.00297856
0.012655
0.0222947
0.0593262
0.0218652
0.0119829
0.045295
0.0238676
0.00248659
0.0241494
0.020553
0.0424039
0.0245628
0.02716
0.0405521
0.0133028
0.00204271
0.0498911
0.0215849
0.0161248
0.0117487
0.0233623
0.0246148
0.0118288
0.00251824
0.0526491
0.0383559
0.00863343
0.00771689
0.0114401
0.00378102
0.00969523
0.00781602
0.00344315
0.0250175
0.0406315
0.0340956
0.0265044
0.0458858
0.02716
0.00515062
0.027086
0.026246
0.00730334
0.0515378
0.000609338
0.0596469
0.0112937
0.00892314
0.0276732
0.00220144
0.0186968
0.0188327
0.0327251
0.0201473
0.00168761
0.0103081
0.00202429
0.0247671
0.012854
0.0238103
0.0234436
0.0316356
0.0403287
0.0320119
0.0546436
0.0356917
0.000126863
0.0235502
0.0246749
0.00895834
0.00520864
0.0240299
0.0167111
0.0279527
0.0165806
0.0132529
0.024477
0.00479573
0.000371277
0.0481686
0.0130145
0.00384623
0.000467598
0.0114022
0.0154976
0.00903583
0.0233274
0.0216194
0.0138283
0.0300666
0.00623286
0.0320124
0.0180819
0.012854
0.015043
0.0265959
0.0111926
0.0204937
0.051226
0.0107864
0.052911
0.0229435
0.0206847
0.0238384
0.0269307
0.0230857
0.0515378
0.0253628
0.0267804
0.0135966
0.000987828
0.0174893
0.0124997
0.0166442
0.00896364
0.00543997
0.0121465
0.0147988
0.0302179
0.0259805
0.00553588
0.0398474
0.0139341
0.00404429
0.00185746
0.0211802
0.0223435
0.00129759
0.0116455
0.00250512
0.0255789
0.027254
0.0499166
0.0434394
0.0311548
0.000978172
0.0281076
0.0223765
0.0390224
0.0259905
0.00823909
0.0219263
0.0103189
0.00772387
0.0221717
0.0352381
0.0244878
0.00921822
0.0246196
0.00683874
0.0405668
0.000207663
0.0171214
0.0368662
0.00166956
0.00517458
0.0125973
0.0122554
0.0253518
0.0287008
0.00788896
0.00293309
0.0328709
0.0368473
0.0142511
0.015806
0.0159388
0.00823909
0.0293639
0.00513357
0.0514526
0.00891751
0.0264173
0.0416986
0.00288552
0.0398474
0.00471768
0.00892314
0.0255789
0.029218
0.0167388
0.0199648
0.00301823
0.0179032
0.0242433
0.0234568
0.00897375
0.00883174
0.0526843
0.0227129
0.0361161
0.0383559
0.0401786
0.0142274
0.00839144
0.0227668
0.0242309
0.0111926
0.0273728
0.0103011
0.0238869
0.0483715
0.0173758
0.00614429
0.00628287
0.0592296
0.0115109
0.0522456
0.0326697
0.0316419
0.0148057
0.00990063
0.0255789
0.0111219
0.00771689
0.0269449
0.0129985
0.00774187
0.0244606
0.019986
0.0215999
0.0263952
0.0414779
0.00779897
0.0145699
0.013428
0.0191536
0.0354517
0.0127499
0.045795
0.0234786
0.00150311
0.0425137
0.0434394
0.0517991
0.0406315
0.0238404
0.00825119
0.0226784
0.0227168
0.00742162
0.00708234
0.0184081
0.0219934
0.0264402
0.00507343
0.0404128
0.0215986
0.0149505
0.0102253
0.0243665
0.0161541
0.00113082
0.0329923
0.0524296
0.0230779
0.00181965
0.0185816
0.0222377
0.0139902
0.0196325
0.0245759
0.00339895
0.00248355
0.0647184
0.0176936
0.0178861
0.0034489
0.0188517
0.0478756
0.0186322
0.00289263
0.0390224
0.00713061
0.015738
0.0334196
0.0519147
0.0114354
0.0216683
0.0223985
0.0121872
0.00827295
0.00946242
0.00943989
0.00157082
0.00513485
0.0457378
0.024833
0.0238664
0.0248626
0.0252736
0.0171457
0.0376713
0.0274254
0.00935769
0.0426378
0.0167716
2.8193e-05
0.0156038
0.013633
0.0280455
0.00368166
0.0182782
0.00159389
0.00480533
0.0462654
0.00131303
0.0197093
0.0150056
0.000596821
0.0203376
0.0117411
0.0265959
0.025207
0.0172803
0.00109207
0.0206122
0.0196611
0.0120781
0.041945
0.00477153
0.033927
0.0165836
0.00323068
0.0332363
0.0412264
0.0246602
0.00220144
0.0186206
0.00160617
0.0510311
0.000323862
0.0186968
0.0113525
0.0241348
0.000270844
0.0231026
0.0246157
0.0342265
0.00800955
0.0187746
0.00733177
0.00522143
0.022566
0.00962961
0.0112283
0.023282
0.0250239
0.0108893
0.022572
0.0233949
0.0245406
0.00708663
0.0284536
0.0246959
0.0203505
0.0233283
0.0164057
0.0219547
0.0108936
0.0178984
0.0671898
0.030405
0.0289583
0.0246568
0.0053266
0.0052138
0.00957054
0.0162655
0.0143786
0.0377877
0.0170504
0.0215347
0.0138767
0.0237029
0.0195615
0.0300778
0.0407186
0.00728938
0.0207144
0.027254
0.0188108
0.0134349
0.00871372
0.0253976
0.0126136
0.032836
0.0426855
0.0159561
0.00328383
0.0255783
0.0559624
0.00128722
0.0226481
0.0426855
0.0368508
0.0155626
0.0238135
0.0242863
0.0366518
0.0139215
0.0158729
0.0243904
0.00943267
0.00792319
0.00363886
0.0207649
0.0161545
0.024557
0.0246276
0.0129525
0.0131597
0.00941199
0.00031963
0.0169273
0.0407186
0.0155147
0.0235819
0.00366163
0.026232
0.0465154
0.020934
0.0209097
0.00421036
0.0202833
0.00170061
0.0420686
0.026191
0.0252388
0.00439811
0.0120894
0.00439972
0.0201198
0.0101256
0.0145372
0.0372972
0.0234277
0.0420546
0.0177631
0.00386763
0.0155538
0.00839201
0.0740838
0.0377877
0.0269346
0.032327
0.021482
0.00147527
0.030405
0.0248182
0.0426095
0.00723862
0.00494054
0.0247671
0.0330536
0.0262151
0.0209251
0.0421431
0.028743
0.0122415
0.0264433
0.0269449
0.0270051
0.0225441
0.0345343
0.026232
0.000936925
0.0494916
0.0262151
0.0286167
0.00903535
0.0301504
0.0355641
0.0188321
0.0112339
0.0211115
0.0381566
0.00900322
0.000532687
0.0116578
0.0315724
0.0244333
0.000640929
0.0209738
0.00962144
0.0236714
0.000823855
0.0173724
0.0108244
0.024557
0.0257389
0.0260318
0.0141129
0.0198515
0.00978905
0.0479015
0.0181095
0.00949883
0.000953078
0.00423813
0.0253642
0.00891751
0.0339932
0.00231323
0.00315166
0.0257419
0.00161745
0.0176183
0.0188403
0.00798684
0.00350273
0.0230321
0.00929499
0.025458
0.0592296
0.0150128
0.0192094
0.00439972
0.0241885
0.0365827
0.0290092
0.0135966
0.0179436
0.0267832
0.0394977
0.0193066
0.00120336
0.00972444
0.0226457
0.0597292
0.0259425
0.01468
0.00746655
0.0260318
0.0542647
0.0163276
0.0236714
0.0189269
0.0270051
0.0205776
0.0247106
0.0108272
0.00886667
0.0155927
0.0403389
0.0232182
0.0357978
0.011806
0.0237263
0.0647391
0.0293604
0.0119075
0.0647184
0.0147887
0.00271577
0.024856
0.0239726
0.0335273
0.00704797
0.0252914
0.00685984
0.0284838
0.0405521
0.00606853
0.0258824
0.00161058
0.00623083
0.0466613
0.0153559
0.0195236
0.00772387
0.0280192
0.00919348
0.0366518
0.00805974
0.0204118
0.0271021
0.0316967
0.0221504
0.0205244
0.0359468
0.0260803
0.018114
0.0202854
0.0243312
0.0206265
0.0196539
0.000256121
0.00955825
0.0265054
0.0263741
0.0345814
0.0207778
0.00589162
0.00935769
0.0258818
0.0236918
0.000503153
0.0381566
0.0183292
0.000777677
0.0286363
0.00211999
0.0102911
0.0268174
0.0358723
0.0391314
0.0279404
0.00866389
0.0338228
0.0280883
0.0216618
0.0272506
0.00311688
0.0093962
0.0244324
0.0251387
0.0248439
0.0125068
0.0255778
0.0116298
0.0134102
0.0143653
0.0182732
0.00744042
0.015738
0.032982
0.0186056
0.022572
0.0265256
0.0210324
0.0246334
0.0361684
0.00187153
0.0245092
0.0171922
0.0087164
0.0239446
0.00148341
0.0505207
0.0294527
0.024563
0.0291343
0.0192466
0.0299144
0.0165558
0.0197408
0.0107083
0.0300501
0.0421785
0.0262085
0.0091998
0.0361684
0.0429353
0.0184182
0.0460812
0.0201445
0.00687474
0.0233644
0.015847
0.0394977
0.025449
0.0405668
0.0260561
0.0242578
0.0185288
0.0257614
0.0246607
0.029218
0.00874409
0.0241589
0.0177588
0.0508887
0.0226784
0.0253761
0.0218322
0.0269175
0.00250107
0.00118607
0.0239715
0.0245211
0.0209879
0.00911868
0.00555599
0.0232615
0.0411595
0.0301785
0.017059
0.00839883
0.021734
0.0243165
0.0291343
0.000260323
0.00451288
0.0293604
0.0277917
0.0134955
0.0110396
0.00756031
0.0224267
0.0219009
0.0274853
0.00944048
0.0335218
0.031301
0.0186206
0.0405521
0.00227982
0.0725323
0.0347022
0.0197978
0.00854528
0.022732
0.0209589
0.0223858
0.0699236
0.0198749
0.0247215
0.000396393
0.0401786
0.0141485
0.0139657
0.0167234
0.025282
0.000894606
0.0432395
0.0118081
0.0378408
0.00720157
0.0242046
0.0207888
0.0246196
0.0150235
0.0154954
0.0335218
0.025744
0.00763577
0.00792724
0.0216007
0.0225254
0.00479573
0.010093
0.0482738
0.0345814
0.00337225
0.0271373
0.0230643
0.0246568
0.0208357
0.0236283
0.0159959
0.0454807
0.0289128
0.0273028
0.0169694
0.025227
0.0164057
0.00929499
0.00538582
0.0108303
0.0165331
0.0354907
0.0366742
0.00350273
0.0262515
0.0540957
0.0181488
0.0245152
0.03042
0.00184757
0.00741291
0.0160207
0.024582
0.0270624
0.0216634
0.0022319
0.0247515
0.0177588
0.0242863
0.0153538
0.00529128
0.00690618
0.00879222
0.0218502
0.00720704
0.0165836
0.0261931
0.00649557
0.0172399
0.0154889
0.0403389
0.00869942
0.0104961
0.0034886
0.00430191
0.0285098
0.00319737
0.0035525
0.00143823
0.0468098
0.000114501
0.0542647
0.0128565
0.0243101
0.0246645
0.0268658
0.0159931
0.0257032
0.00592154
0.0365827
0.009453
0.000938237
0.0449967
0.0512379
0.00550157
0.0118402
0.00347984
0.0246276
0.00464535
0.0101714
0.0270378
0.0096038
0.000257164
0.00634304
0.0092904
0.023623
0.0259805
0.0216618
0.0236966
0.0152177
0.0270106
0.00916579
0.0344069
0.0151541
0.00281581
0.0278388
0.0116146
0.0263849
0.0285098
0.0265233
0.0236262
0.0339932
0.0246749
0.0266641
0.0571283
0.0195931
0.00749773
0.0243904
0.0486993
0.0180832
0.0169694
0.0586076
0.00124997
0.00661069
0.0055877
0.0153794
0.00450379
0.0135541
0.0172737
0.0533983
0.00369883
0.000333846
0.0640873
0.0208357
0.0126507
0.0501744
0.0258179
0.00883476
0.0385933
0.000881411
0.00913146
0.000229776
0.0263952
0.0383092
0.0128463
0.0167234
0.00927502
0.0116965
0.00088051
0.00583741
0.0131517
0.0538613
0.0416275
0.0403389
0.0376183
0.026876
0.0066601
0.0564357
0.0324284
0.0076912
0.0165515
0.00978357
0.036083
0.00491059
0.0582162
0.0236496
0.00975406
0.0377877
0.00680821
0.00340796
0.0343984
0.0378739
0.0172656
0.0146962
0.0308588
0.0303719
0.0118048
0.00330365
0.02053
0.0376183
0.000596821
0.00966585
0.00958443
0.011157
0.0485506
0.039919
0.00785896
0.00397444
0.0531163
0.00479639
0.000884205
0.021637
0.0090549
0.0218066
0.00526088
0.025744
0.0503808
0.0342394
0.010487
0.033962
0.0189829
0.00250107
0.0209863
0.00567323
0.00773996
0.0231758
0.0265343
0.0141827
0.0199777
0.00586522
0.0152916
0.026246
0.0352189
0.0126136
0.0206226
0.00687437
0.0243904
0.00325233
0.0250704
0.0196099
0.0255361
0.00937605
0.0126172
0.00675422
0.0119829
0.0274621
0.00378102
0.0250824
0.0067628
0.0175828
0.0378366
0.0420686
0.00406182
0.0300501
0.0254054
0.0318289
0.0251331
0.00786856
0.026876
0.0321421
0.0262013
0.0242863
0.00606799
0.0503339
0.00343853
0.0270436
0.0235601
0.00158459
0.00594884
0.0209168
0.0125293
0.0327941
0.0499879
0.0204478
0.0233283
0.0527096
0.0147302
0.0542116
0.012407
0.0201572
0.00560966
0.0235682
0.0375011
0.00487274
0.00193083
0.0151914
0.0345885
0.0221718
0.00456983
0.000229657
0.0121998
0.0453522
0.0233608
0.041849
0.0130171
0.0225801
0.000808775
0.0262605
0.0258499
0.0134102
0.0194739
0.017411
0.021357
0.00222498
0.0307404
0.0510311
0.0285098
0.0129985
0.0360043
0.0114509
0.0130941
0.0285261
0.0222956
0.0334196
0.0188344
0.0154471
0.0254905
0.0126856
0.00211996
0.00156975
0.0194458
0.0245267
0.0116965
0.0103011
0.0226457
0.0692402
0.0177306
0.0188761
0.0260984
0.0250025
0.0116578
0.0111969
0.0166459
0.0223985
0.0198312
0.0178708
0.00297439
0.00478977
0.00660372
0.0164472
0.0438075
0.00561029
0.0181969
0.0182403
0.0171746
0.0304278
0.00761652
0.00603455
0.0243179
0.0646667
0.00674237
0.0120426
0.0284536
0.00339895
0.00135882
0.0359181
0.00523195
0.0327933
0.0339661
0.0284554
0.0286167
0.0320236
0.0257118
0.00338153
0.0281528
0.0167839
0.00851551
0.026232
0.0247626
0.0177353
0.00882751
0.0119891
0.027197
0.0339993
0.0147017
0.0201862
0.0416275
0.000596821
0.022899
0.0129597
0.0270624
0.0448433
0.0271581
0.0326697
0.0239715
0.00477153
0.0180579
0.0401786
0.021409
0.0264173
0.0505207
0.0101072
0.0455894
0.0210893
0.00969946
0.00468981
0.0215986
0.0373896
0.0351812
0.0321568
0.00344014
0.0452902
0.0240046
0.0398087
0.0376072
0.00946373
0.0154527
0.0180271
0.00401306
0.00288767
0.0191172
0.0422979
0.0157041
0.011346
0.0385042
0.00433877
0.00778729
0.0403721
0.0314652
0.00169992
0.0186931
0.0646757
0.0195615
0.0426378
0.0106446
0.0164205
0.0232671
0.0154074
0.0262085
0.00976312
0.0117666
0.0104452
0.0268213
0.0330287
0.00722677
0.00365838
0.0247215
0.0180832
0.0234786
0.00554723
0.0180295
0.00553718
0.0258332
0.00699317
0.024298
0.00969946
0.00930291
0.0170757
0.0123824
0.0198749
0.0264205
0.00258636
0.0605879
0.00596375
0.0225013
0.0239647
0.0101256
0.0163438
0.00106654
0.00654686
0.0216398
0.00733177
0.00959384
0.0257882
0.00126702
0.0235502
0.0302456
0.0255193
0.0559206
0.0246444
0.0236966
0.029741
0.00469023
0.0496473
0.00640774
0.0360966
0.045291
0.000370219
0.00554723
0.00967157
0.00866389
0.0268213
0.0448632
0.0166358
0.0193642
0.00826442
0.0740838
0.0173724
0.0503808
0.0168076
0.0184917
0.0209468
0.0242742
0.0225987
0.0236954
0.0157256
0.0166741
0.0147699
0.0232648
0.0210917
0.0481686
0.0109851
0.00440371
0.0214269
0.025258
0.019311
0.0208418
0.0169452
0.010601
0.0186322
0.00217662
0.011806
0.00619078
0.0150682
0.019147
0.0192555
0.0188321
0.00606
0.052911
0.0396246
0.0123887
0.0198312
0.0376822
0.00919592
0.00499225
0.0109717
0.0357932
0.000720501
0.00132644
0.0272568
0.0249061
0.00699031
0.00800526
0.0262085
0.0220487
0.000130713
0.0118331
0.0242109
0.0181044
0.0499879
0.0244606
0.0136718
0.00341141
0.00260437
0.0112708
0.0306155
0.0258533
0.0339358
0.0328975
0.0240909
0.0438075
0.026374
0.0321568
0.0220729
0.00889432
0.00244787
0.00524482
0.0175051
0.0228752
0.0202753
0.00110841
0.0148189
0.0176749
0.00492543
0.00145727
0.0237055
0.0224267
0.032816
0.016939
0.0278396
0.0109023
0.00428587
0.026996
0.0125629
0.00431168
0.0119036
0.019676
0.0259905
0.0023697
0.000254035
0.02593
0.0176183
0.021847
0.020934
0.0128616
0.0104659
0.00896364
0.0274621
0.0162609
0.0216618
0.0318744
0.00663017
0.0143373
0.0704741
0.0234436
0.0135759
0.0129699
0.0246037
0.0242852
0.0136185
0.00474769
0.0391486
0.0137865
0.0208594
0.00408308
0.00958687
0.00713611
0.0188693
0.0246363
0.020312
0.0218549
0.0065428
0.00491059
0.0262434
0.0094856
0.0270819
0.0353541
0.0271707
0.0566898
0.0328276
0.0220837
0.0239446
0.0248628
0.00765646
0.00562733
0.00162667
0.023833
0.00798905
0.00919151
0.0244516
0.0351812
0.0264925
0.0172399
0.021031
0.0257061
0.0146853
0.0189906
0.0013079
0.00673294
0.0181044
0.0248766
0.0541233
0.0225523
0.0181601
0.0250636
0.0176682
0.00350034
0.0118682
0.011681
0.0417488
0.0338228
0.0186291
0.00948942
0.0271399
0.0291343
0.00634825
0.0238704
0.00480533
0.0237889
0.00219712
0.0385933
0.0250961
0.0034489
0.0100547
0.0187272
0.0636761
4.35635e-05
0.0131517
0.0190636
0.0176636
0.0188403
0.044071
0.020769
0.0155803
0.00693721
0.0209097
0.0646667
0.0262085
0.0226629
0.0150911
0.0254686
0.0143117
0.0236262
0.0189829
0.0195931
0.0422979
0.00274408
0.00944704
0.0257061
0.0258145
0.0139058
0.0645171
0.0073245
0.0171396
0.0410167
0.0406315
0.0319317
0.0254905
0.0212908
0.0118578
0.0462167
0.0246607
0.0514526
0.0246147
0.02049
0.0142274
0.0130599
0.0223884
0.0184476
0.00604951
0.00954998
0.0160478
0.0236426
0.0376322
0.00548983
0.0152916
0.00838268
0.013041
0.00969821
0.0161303
0.0262292
0.00169992
0.026827
0.00441831
0.00149065
0.0208594
0.00312109
0.0235468
0.0221111
0.0143787
0.00493446
0.0101796
0.022276
0.0468098
0.0253167
0.0270803
0.012854
0.00920913
0.0022319
0.00615102
0.0520793
0.00113988
0.05831
0.00781602
0.0460812
0.024254
0.00553718
0.0340692
0.0296363
0.0111575
0.00480533
0.00465882
0.0186832
0.00561661
0.00520864
0.0376322
0.0266641
0.0235601
0.0159127
0.0148041
0.0207888
0.0171657
0.010576
0.0269327
0.00774628
0.0233623
0.0614696
0.00552171
0.0325427
0.023911
0.019631
0.00939339
0.0257614
0.0246602
0.0140066
0.0260546
0.0194739
0.022276
0.0274543
0.0344469
0.00225699
0.024635
0.0278388
0.0562747
0.0233135
0.0224478
0.00935769
0.0191533
0.00492358
0.006109
0.0322345
0.0452902
0.0140983
0.0114391
0.0277356
0.00577295
0.0122563
0.024597
0.00290959
0.00522143
0.0218799
0.0209335
0.0596499
0.00033094
0.00634414
0.0269449
0.0487054
0.0276533
0.0343596
0.0522456
0.0268665
0.0114038
0.00433692
0.00137258
0.0133919
0.00729311
0.0128573
0.0107658
0.0189316
0.0167441
0.0245311
0.0335273
0.0143135
0.021943
0.0138267
0.0037263
0.0211666
0.00742162
0.00137332
0.0403227
0.0283993
0.0182009
0.0323799
0.0232671
0.0186832
0.0121294
0.0230151
0.022494
0.0251395
0.0313217
0.0234786
0.00843191
0.0126085
0.000244498
0.00563508
0.0301644
0.0052138
0.0106359
0.0251395
0.0510264
0.0252379
0.017822
0.0151542
0.0261583
0.00935876
0.034533
0.0230275
0.0390998
0.0246749
0.0203505
0.0369778
0.00807688
0.064708
0.00192535
0.00475734
0.00852621
0.0469989
0.0507386
0.0257032
0.0481686
0.0236682
0.00882506
0.0198972
0.0185236
0.0138756
0.0261583
0.0106928
0.0340092
0.0215504
0.0135413
0.0381947
0.0503339
0.00756031
0.0108222
0.044071
0.00513369
0.0240643
0.00517523
0.0147762
0.00762248
0.0124622
0.0159971
0.012655
0.0174593
0.00301823
0.0270818
0.0268372
0.0035401
0.0129008
0.0647391
0.0074118
0.0118331
0.0205154
0.00389689
0.0133765
0.0234277
0.0262346
0.0259905
0.013428
0.0503339
0.0597292
0.000244498
0.0356583
0.00768334
0.0246444
0.00715703
0.0198544
0.0221546
0.0207739
0.0168571
0.0149507
0.0187746
0.0369778
0.012779
0.00227982
0.00368381
0.0377877
0.0124567
0.00354403
0.00219387
0.00986725
0.035991
0.00627458
0.0143919
0.013917
0.000960946
0.0603992
0.0252143
0.0327251
0.0237749
0.0226442
0.0119415
0.0169921
0.00680961
0.00767469
0.0325652
0.0505207
0.0243766
0.0305507
0.000476833
0.0211666
0.00836934
0.0180348
0.0294419
0.0605879
0.026827
0.0114053
0.00150736
0.02716
0.0245255
0.057423
0.0333715
0.0265646
0.0244354
0.00102448
0.0166171
0.0133919
0.0164473
0.00820406
0.0317218
0.0167471
0.0494916
0.00371075
0.00892314
0.00219238
0.069969
0.00288546
0.00492579
0.0114616
5.61476e-05
0.0318289
0.0189458
0.0376822
0.0432395
0.0122002
0.00685694
0.0392246
0.0139657
0.0245622
0.0198972
0.024597
0.0163729
0.0231771
0.025001
0.0361161
0.0249152
0.00455606
0.0035755
0.0245152
0.0315042
0.0564625
0.00297904
0.0184287
0.00688905
0.020761
0.00431168
0.025749
0.00343621
0.0530512
0.00872625
0.0646757
0.0079349
0.0267084
0.00597423
0.00890392
0.0112389
0.0358167
0.0029785
0.0230275
0.0215113
0.034366
0.0331362
0.00297439
0.0245759
0.00206754
0.0457991
0.0212908
0.00140226
0.0253507
0.0305187
0.000820279
0.0352381
0.0262117
0.00460392
0.0168375
0.00737695
0.00763577
0.00378102
0.0520496
0.0208229
0.0256392
0.017795
0.0229306
0.00923145
0.00929165
0.00151563
0.0238555
0.0447861
0.0126013
0.0147988
0.0256762
0.0241885
0.00113082
0.0067628
0.010664
0.0399047
0.00801927
0.0229756
0.0221645
0.0157792
0.0273649
0.0218469
0.0177522
0.0246147
0.021179
0.00996522
0.0336477
0.00784874
0.0303041
0.0150682
0.0166459
0.0279107
0.00881153
0.0147887
0.00524482
0.0267084
0.0256732
0.0242863
0.0538613
0.00593355
0.0165558
0.0115951
0.0251395
0.0242471
0.0377877
0.0189691
0.0503808
0.0229765
0.0195575
0.0159561
0.0047971
0.0239579
0.0202876
0.0130145
0.00969946
0.0035041
0.0268219
0.00808799
0.016015
0.0205776
0.0332058
0.0438007
0.00194407
0.00819004
0.00106654
0.0712528
0.0263649
0.0401989
0.0119891
0.0257229
0.0249829
0.0453522
0.0120279
0.0252727
0.0262644
0.0208357
0.0160478
0.0143775
0.0065366
0.0117725
0.0236436
0.0168571
0.00670814
0.0245822
0.034501
0.00515062
0.033927
0.0201682
0.024751
0.0157041
0.0147284
0.0210573
0.0457378
0.0458858
0.0257794
0.0122385
0.0238869
0.0347074
0.0120918
0.0123088
0.0264938
0.00881743
0.0526651
0.027328
0.0369614
0.0118851
0.0246276
0.0509487
0.00881767
0.0203505
0.0216677
0.000629067
0.0191222
0.00963897
0.00789493
0.0223884
0.0140066
0.00749815
0.0339676
0.0305147
0.0202565
0.000149727
0.00464535
0.0237749
0.0227286
0.00495002
0.0176936
0.00766414
0.00968261
0.0250327
0.0320303
0.0166171
0.0238869
0.0181044
0.0315866
0.0193642
0.0103905
0.0109006
0.0139665
0.000596821
0.0246013
0.0234054
0.0203463
0.00890392
0.00516117
0.00967157
0.0012244
0.0509487
0.026213
0.013193
0.0123367
0.023744
0.018966
0.019186
0.0308535
0.0276283
0.00495002
0.0280985
0.0132245
0.0526843
0.021357
0.0064643
0.0387455
0.0231771
0.0313015
0.022087
0.00969988
0.0143919
0.0157939
0.0063563
0.0155516
0.0193341
0.0371819
0.0103529
0.0241353
0.00866389
0.0267096
0.000315845
0.00555599
0.000114501
0.0125948
0.0402093
0.0284438
0.0372972
0.03042
0.0237026
0.0169694
0.0563251
0.0145613
0.0136815
0.0127499
0.0189436
0.0246851
0.0114754
0.0269175
0.0540957
0.0563232
0.018421
0.0254669
0.0370238
0.027549
0.00973797
0.0110471
0.030769
0.0425377
0.00498503
0.00861567
0.0172865
0.000506222
0.00538939
0.0041346
0.0399339
0.0310072
0.0454807
0.00975183
0.00168997
0.0137308
0.0120426
0.0545506
0.0270051
0.0487559
0.00463665
0.0012244
0.0245255
0.0120918
0.0264938
0.00654125
0.0285098
0.0390412
0.0204363
0.00532639
0.0251881
0.0213238
0.0228618
0.00409818
0.0116298
0.0121785
0.0319317
0.00855333
0.012292
0.026799
0.0191228
0.0343325
0.0243865
0.0110798
0.0432401
0.0118943
0.0647184
0.045833
0.0155925
0.0215986
0.0103651
0.0725323
0.0264402
0.00251469
0.011896
0.0246157
0.0562884
0.0328723
0.00363886
0.00109914
0.0241589
0.00270158
0.0274241
0.0226784
0.00965083
0.022158
0.0251387
0.022194
0.0347958
0.0282111
0.0344069
0.010303
0.00617428
0.0129525
0.0429353
0.0131079
0.00903535
0.00792724
0.0172554
0.0217453
0.0240138
0.0246412
0.0130805
0.0392246
0.0118912
0.00276703
0.0204027
0.0425587
0.00284916
0.0479015
0.0105739
0.0242944
0.0231771
0.00543314
0.0161017
0.0241023
0.00178722
0.00797248
0.0113339
0.000636995
0.0311548
0.0263045
0.0302456
0.00839201
0.0102173
0.0114453
0.00442201
0.0074067
0.0183852
0.00194543
0.0242406
0.0185281
0.0244961
0.0392069
0.0187634
0.0233376
0.024856
0.0447272
0.0103529
0.026876
0.0250636
0.0244363
0.00978905
0.00836934
0.0154074
0.00208545
0.0401989
0.0200685
0.0214946
0.0118061
0.0357291
0.011369
0.0172399
0.034975
0.0343698
0.0125597
0.022566
0.0108303
0.017091
0.000428438
0.00680821
0.00725228
0.00436282
0.00885183
0.0348134
0.00244787
0.0622965
0.00597984
0.0162609
0.0354175
0.0253236
0.0195531
0.0347074
0.0391314
0.0317574
0.0474307
0.0136032
0.0069142
0.0221484
0.0205702
0.00768334
0.0236496
0.00930485
0.0282937
0.0265233
0.0251331
0.0240307
0.00557971
0.0209168
0.00651097
0.00988513
0.0239726
0.00914824
0.0238103
0.0645171
0.0187671
0.0249829
0.0269307
0.0219934
0.00976992
0.0421661
0.0438007
0.0185281
0.0265664
0.0419976
0.0115109
0.0179036
0.00492543
0.00593355
0.0105778
0.00433692
0.0155927
0.0089485
0.0359115
0.0186931
0.0168904
0.0111378
0.00627726
0.032816
0.0101256
0.0224432
0.0167111
0.0243766
0.0230779
0.0111969
0.0712528
0.00289263
0.0379407
0.0176024
0.0178038
0.0177023
0.0202647
0.00774628
0.00763577
0.00131238
0.018966
0.00680721
0.0164854
0.0129427
0.0139391
0.0675462
0.0252287
0.0270222
0.0127482
0.0121598
0.0185314
0.00723862
0.0240996
0.05831
0.0127482
0.043022
0.0117184
0.0122563
0.0254905
0.0105419
0.0193332
0.0301176
0.0362067
0.0171657
0.0263093
0.0277377
0.0178861
0.0172794
0.0278388
0.0587777
0.0113282
0.00751993
0.0082061
0.0223324
0.0246796
0.0238704
0.0252433
0.0297509
0.00440532
0.0444284
0.0124622
0.0250387
0.0298417
0.017478
0.0169156
0.0372972
0.0360688
0.0181508
0.0256994
0.0216943
0.0249152
0.0377877
0.0214843
0.0254669
0.0105138
0.0587987
0.0277356
0.0116455
0.0230704
0.0137005
0.0250327
0.0415198
0.0233644
0.031779
0.00386435
0.012919
0.00719965
0.0730876
0.00599819
0.00487274
0.0297096
0.0257297
0.0229765
0.0085305
0.0349774
0.011346
0.000894606
0.0208594
0.0207778
0.0624046
0.0548661
0.0353232
0.00211015
0.0411469
0.00514692
0.00839144
0.0244354
0.0354791
0.00315825
0.00873727
0.00879222
0.0035755
0.0243702
0.0387455
0.0216007
0.0255893
0.0157244
0.007658
0.00348026
0.0174064
0.00159001
0.0219009
0.00344014
0.0157244
0.0454807
0.0298545
0.0405399
0.0108555
0.0302217
0.0108363
0.0467538
0.026246
0.0401786
0.0195459
0.0198909
0.00741291
0.02092
0.0170154
0.0211919
0.00294125
0.0229227
0.0211666
0.0257419
0.0256732
0.0065186
0.00361776
0.00972247
0.00588447
0.0531163
0.023561
0.0196441
0.0241494
0.00366192
0.0252736
0.00268549
0.0260243
0.0432346
0.0106227
0.0249626
0.00687437
0.00359279
0.0208595
0.0448632
0.0102173
0.0283381
0.0435173
0.00914299
0.00430191
0.0126343
0.0246749
0.00194543
0.0233283
0.00730848
0.0622965
0.0220729
0.0121553
0.0517991
0.0264937
0.0180096
0.0425364
0.0134436
0.0273699
0.0255638
0.0111048
0.0250175
0.0273699
0.0244363
0.0411469
0.0220837
0.0209786
0.0160698
0.00088051
0.0117411
0.0237934
0.0047971
0.0150056
0.0201524
0.0270031
0.00557876
0.00451288
0.0354907
0.0224257
0.0197854
0.00508112
0.00554723
0.0327004
0.012919
0.0117865
0.0123901
0.0258133
0.00354403
0.0180348
0.0226038
0.00610793
0.001008
0.0246851
0.0244812
0.0365078
0.025385
0.0119841
0.0181869
0.0109851
0.0344988
0.0241995
0.00866261
0.0235968
0.0526641
0.0123824
0.0228552
0.0308615
0.0155561
0.0198909
0.00151527
0.0131079
0.0224567
0.00548983
0.00272179
0.0347074
0.0268531
0.0279853
0.00863326
0.00353116
0.0220742
0.00353116
0.0360043
0.0243333
0.00182602
0.00282484
0.0044564
0.0152451
0.0194739
0.0624046
0.0189277
0.0577406
0.00144643
0.011893
0.018974
0.00754642
0.0200889
0.0190424
0.01468
0.00975406
0.0144481
0.00810045
0.0521614
0.0128421
0.0277914
0.0141289
0.0348259
0.00532627
0.00954732
0.0170207
0.0200338
0.0267772
0.0174967
0.022494
0.0139665
0.0512379
0.0116965
0.018974
0.0288928
0.0157045
0.0425121
0.00340676
0.042446
0.0370238
0.0113955
0.0098702
0.0231344
0.025749
0.00870365
0.0111228
0.0475771
0.0023514
0.00640774
0.0272506
0.00938344
0.033682
0.0320236
0.0138338
0.00730334
0.00909328
0.0044499
0.0228205
0.0376322
0.00768608
0.0309944
0.0246602
0.015994
0.0362067
0.0243923
0.0222448
0.0162389
0.0520793
0.0143764
0.0235468
0.0246344
0.0515188
0.0405399
0.00430191
0.0180348
0.0168637
0.0270624
0.00582355
0.00798684
0.0240322
0.0225254
0.029717
0.00799373
0.00762248
0.0157792
0.0162107
0.00538582
0.0417488
0.0112235
0.057423
0.03993
0.0315183
0.0202752
0.00971192
0.0597292
0.00329252
0.0311402
0.0127434
0.0315816
0.0420546
0.0140036
0.0130049
0.0216194
0.0113339
0.00432962
0.0248829
0.0146402
0.0246772
0.0170757
0.02716
0.0211489
0.00930291
0.0245311
0.0102242
0.00882506
0.00640434
0.00937596
0.0243087
0.0267037
0.0314312
0.0179016
0.0270819
0.0685346
0.00268549
0.0235819
0.0101671
0.013041
0.0230151
0.0266244
0.00509471
0.021357
0.0241995
0.000670046
0.0222377
0.0215986
0.0308535
0.0103237
0.0272568
0.022768
0.0259451
0.0227456
0.00492579
0.0142876
0.0370209
0.0175383
0.0179442
0.0339358
0.00636873
0.00411755
0.0360688
0.0526843
0.0487559
0.0247047
0.0265256
0.0197521
0.034501
0.028879
0.0230789
0.0645171
0.0187362
0.0190918
0.00384623
0.0122554
0.015738
0.0215986
0.0559087
0.0496318
0.0478756
0.00670814
0.0259737
0.0391929
0.0220729
0.0201526
0.0177039
0.0238135
0.00720766
0.00221294
0.0215512
0.0302361
0.0229462
0.0171518
0.00365838
0.000149727
0.0248571
0.024767
0.00492156
0.0139151
0.00219238
0.0111855
0.0279816
0.0103651
0.0263201
0.00218552
0.00945884
0.0177974
0.0240322
0.000204921
0.0243386
0.00643867
0.0434394
0.0157801
0.0186968
0.0232819
0.0182999
0.0148717
0.0212238
0.00422664
0.00302178
0.00489241
0.0238664
0.0264433
0.00980657
0.0603992
0.0184811
0.035126
0.0161628
0.0236496
0.053735
0.0311253
0.0204027
0.00671528
0.0177915
0.026876
0.0332312
0.00881767
0.014904
0.0101256
0.0155547
0.0184917
0.0389779
0.0269572
0.0253776
0.0178793
0.0144666
0.0019964
0.0184428
0.0234786
0.0421615
0.0366518
0.0272506
0.0249061
0.0231625
0.0175852
0.0385296
0.0114481
0.0293171
0.0190045
0.00509283
0.00349152
0.0246851
0.0457466
0.00464964
0.0216683
0.0359341
0.00476575
0.0422979
0.0418385
0.0205619
0.000400424
0.0117324
0.0236426
0.0667196
0.00317028
0.0377866
0.00607378
0.00329252
0.0234436
0.0262707
0.0104961
0.0634059
0.0255791
0.0248439
0.00853135
0.00382502
0.0270675
0.0235468
0.0228552
0.0166741
0.0115437
0.0189393
0.0376322
0.00187153
0.0148782
0.00540495
0.00718874
0.0309944
0.00963736
0.007658
0.0165372
0.009022
0.0157256
0.00854528
0.026827
0.0403993
0.00554723
0.0216694
0.0220729
0.0289583
0.00450379
0.0415674
0.00455105
0.0245255
0.00613743
0.00587565
0.0214303
0.00378102
0.0208594
0.021357
0.00704461
0.0181075
0.024546
0.0162632
0.00185746
0.00737014
0.0211871
0.00767368
0.00250506
0.0109946
0.0379407
0.00196313
0.00626445
0.0246037
0.0161763
0.0179599
0.0108513
0.0521614
0.0320963
0.00626403
0.00872625
0.0468098
0.00505355
0.0244235
0.00397456
0.00538582
0.0267596
0.0260565
0.0150044
0.022899
0.0181128
0.00639021
0.0320303
0.0284438
0.0151884
0.00815433
0.00923586
0.00666025
0.00291753
0.0400168
0.000987291
0.0192218
0.00516216
0.0108222
0.00431865
0.0163943
0.00623608
0.0243087
0.023937
0.0523297
0.0302283
0.0225459
0.0396037
0.0221718
0.0438007
0.0229435
0.0105571
0.0273699
0.024258
0.0250961
0.0195934
0.0190851
0.0242433
0.0215526
0.0635215
0.0252914
0.0052031
0.00163162
0.036879
0.00975406
0.0210619
0.0128374
0.0246412
0.0417308
0.022572
0.0102627
0.00232542
0.000936925
0.00349814
0.02716
0.0122415
0.00160387
0.00913775
0.0119036
0.0221546
0.0133919
0.0246363
0.0243087
0.0019964
0.0258222
0.0247626
0.00244787
0.0280455
0.0308588
0.00946242
0.0102242
0.0332887
0.0431151
0.0052031
0.0072248
0.0587987
0.0148774
0.0300659
0.0421615
0.00754642
0.0161436
0.0245912
0.0148057
0.0237998
0.0325194
0.0165095
0.0245406
0.00417304
0.0349774
0.0243055
0.0245822
0.0265054
0.00900322
0.00627297
0.0384245
0.0273684
0.00848246
0.00542639
0.0230231
0.0407186
0.00805974
0.031896
0.0467538
0.0262351
0.0119227
0.0104437
0.0208594
0.0249829
0.0263201
0.00815886
0.0296363
0.00685436
0.00282212
0.0244713
0.0119234
0.00100112
0.0186568
0.00244787
0.0291849
0.0235498
0.0182999
0.042334
0.0192713
0.0116099
0.00531077
0.0243475
0.00185746
0.017822
0.00508982
0.0230779
0.0201524
0.0277356
0.0236385
0.0455894
0.018421
0.0025152
0.0244713
0.0166328
0.0248283
0.0214269
0.0332623
0.0232671
0.0248916
0.023744
0.0269479
0.0194128
0.00426877
0.0334797
0.0232472
0.00599994
0.0483715
0.0267832
0.0181095
0.0392464
0.0325427
0.0314443
0.013917
0.0503011
0.0223447
0.0197402
0.00744042
0.00429094
0.0551276
0.00547834
0.0257863
0.0109746
0.0096122
0.0214359
0.00543997
0.021357
0.0124247
0.00529051
0.0512509
0.00909087
0.00425649
0.0146379
0.0271407
0.0181488
0.0221266
0.00113582
0.0173439
0.0291849
0.0186473
0.0176916
0.00734775
0.023257
0.00957695
0.00124639
0.0341526
0.0237749
0.039919
0.00343621
0.00763226
0.00844312
0.0369324
0.00784874
0.0725323
0.0221856
0.0174713
0.00720704
0.00606161
0.00854528
0.0195868
0.0239647
0.0092487
0.0432395
0.0098702
0.00661033
0.0109006
0.0141129
0.0264938
0.0126507
0.0133028
0.0233623
0.0157041
0.0186931
0.0249396
0.0115665
0.0093435
0.0371071
0.00752616
0.0118725
0.0258182
0.0107495
0.00839403
0.0279404
0.0170504
0.00973845
0.0182581
0.0281395
0.0238869
0.011893
0.000413954
0.0148706
0.0043475
0.00826287
0.0246526
0.0110912
0.0445142
0.0207027
0.000932604
0.0359373
0.010237
0.0194111
0.0510264
0.0310895
0.0186097
0.00156975
0.0217631
0.021847
0.0644172
0.0273028
0.0173724
0.0293826
0.0110796
0.0177273
0.00545353
0.00821322
0.0227129
0.0243976
0.0243403
0.0403643
0.0119433
0.0709909
0.00540495
0.0220036
0.0085251
0.00897375
0.0240299
0.0224998
0.00589085
0.00653255
0.00511664
0.00766414
0.00634304
0.0130145
0.0254753
0.0113736
0.00265332
0.00646941
0.0240315
0.00944567
0.0326688
0.00943267
0.0161017
0.0216471
0.0157939
0.0101295
6.6638e-05
0.0142353
0.000609338
0.0508652
0.00306022
0.0111847
0.0246602
0.0593262
0.00697136
0.0101443
0.0227848
0.0163607
0.0170674
0.0221148
0.0117873
0.0202711
0.0250548
0.0345619
0.0173959
0.0245211
0.00438136
0.00582787
0.0181969
0.0244961
0.00278592
0.0271707
0.0230789
0.0101381
0.0179036
0.0121431
0.0264654
0.0526491
0.0072206
0.0204384
0.0250239
0.0170504
0.0246812
0.00929499
0.0191533
0.0232472
0.0039078
0.0162783
0.0234395
0.051521
0.0190851
0.0175141
0.0227286
0.0259905
0.00667274
0.034501
0.000224292
0.0253167
0.0343417
0.0178768
0.0204062
0.000938237
0.0277356
0.0294231
0.0205139
0.0598233
0.00917405
0.0704741
0.0368473
0.0226566
0.0184315
0.0253641
0.0377877
0.0207888
0.0675462
0.0135966
0.0172554
0.0198749
0.0417488
0.0151587
0.0263907
0.0215523
0.0189906
0.00203037
0.0123824
0.00181965
0.0226481
0.00940847
0.0167966
0.0635529
0.0211791
0.0132579
0.0339358
0.0144786
0.0646757
0.0235342
0.0242423
0.0508652
0.0269327
0.025116
0.0219926
0.0319394
0.0192218
0.0122195
0.00244787
0.0100967
0.0232648
0.0177613
0.00561619
0.0103357
0.024479
0.0222281
0.0546436
0.000918061
0.0253642
0.0351812
0.00711451
0.02448
0.0251387
0.0236262
0.0139918
0.0247671
0.0152829
0.0284536
0.0230124
0.0202711
0.00857598
0.0106359
0.00396192
0.0260565
0.0130599
0.0037688
0.0213238
0.00517336
0.0299084
0.015139
0.00810045
0.0203539
0.00650922
0.0248182
0.012673
0.0174893
0.0072791
0.024751
0.0270556
0.000953078
0.0503339
0.0229
0.0336811
0.0180832
0.00117606
0.024054
0.0376713
0.00907362
0.0394977
0.0010922
0.0047971
0.0332909
0.024258
0.0040642
0.0260318
0.034366
0.014773
0.0253491
0.0126265
0.0401989
0.0190872
0.0133028
0.0261783
0.0215512
0.00688124
0.0238498
0.024597
0.0196099
0.0527173
0.0444284
0.0302179
0.00417304
0.0188327
0.0104554
0.00881767
0.00199062
0.0235662
0.0208139
0.0370238
0.0269187
0.0113908
0.026876
0.0426855
0.0730876
0.0243031
0.00315094
0.0250387
0.00943989
0.0712528
0.0420943
0.024298
0.0435985
0.0590535
0.0147988
0.00404429
0.0163438
0.0649886
0.00872964
0.0176146
0.0567019
0.00515914
0.0265343
0.0119194
0.0305187
0.0332887
0.0246851
0.0197805
0.0392069
0.0278908
0.0247047
0.0103174
0.0526999
0.0513542
0.0180489
0.0324666
0.025583
0.0415794
0.00855011
0.011093
0.0457847
0.0337243
0.00492094
0.0221546
0.00456983
0.0192304
0.0256392
0.0589271
0.0231771
0.0239261
0.00586617
0.0227848
0.00802243
0.0247746
0.00531077
0.0220961
0.0341326
0.0260192
0.0180368
0.0211489
0.000636995
0.010601
0.0174893
0.0246463
0.0241092
0.0231319
0.0219275
0.0222977
0.0150682
0.0197408
0.0165515
0.00372022
0.0260546
0.0268665
0.0302456
0.0378408
0.0491531
0.00147036
0.00761718
0.00417727
0.0240744
0.0438007
0.01974
0.0207649
0.041945
0.038821
0.0177323
0.0160698
0.0191172
0.0545238
0.00925975
0.037431
0.0232002
0.0106227
0.0196099
0.0132695
0.0244218
0.00721502
0.0417518
0.0237985
0.000658438
0.00576401
0.0150179
0.0214946
0.024856
0.0246334
0.00748855
0.0184674
0.0269395
0.00373411
0.0254753
0.029218
0.0308588
0.01972
0.0236341
0.0252587
0.0224459
0.00979501
0.0265054
0.00788146
0.00258774
0.00535724
0.0131228
0.0136723
0.0258824
0.0231935
0.0219054
0.036879
0.000167854
0.01332
0.0577406
0.0109734
0.0262605
0.0204384
0.0261508
0.0258645
0.0135983
0.0227138
0.0646667
0.0109205
0.0255789
0.024546
0.00848246
0.00965166
0.0204176
0.00182602
0.0127434
0.00867873
0.0370209
0.0258434
0.0243112
0.00852793
0.00424784
0.0189277
0.00514692
0.000437975
0.0221266
0.0134947
0.00227982
0.0193332
0.0224212
0.00802484
0.0104315
0.0191345
0.0405668
0.0217803
0.00502588
0.0540012
0.0245628
0.0181095
0.0255638
0.0153528
0.0438007
0.0105835
0.0195934
0.0101256
0.00349152
0.00533003
0.0371071
0.00861943
0.0246062
0.0187407
0.00839144
0.0111969
0.00839883
0.00134689
0.00613832
0.0296551
0.023257
0.0116163
0.0369636
0.0148041
0.0313316
0.033682
0.00554901
0.00605167
0.0284838
0.0202753
0.0162143
0.00974059
0.00283054
0.016541
0.0251395
0.0345343
0.0255371
0.0503011
0.0293422
0.0303041
0.0148206
0.00990063
0.0183142
0.0190589
0.00592783
0.0344469
0.00979501
0.00107756
0.00288546
0.00724411
0.0251881
0.0161407
0.0209633
0.0232256
0.0392069
0.0354907
0.0111575
0.0046182
0.0354
0.0106288
0.0438075
0.0558222
0.00366163
0.0212933
0.000565648
0.035126
0.00504074
0.0236954
0.000209957
0.000759721
0.0212334
0.00127906
0.00156975
0.0249262
0.0083825
0.0269395
0.0243539
0.0136815
0.0037263
0.0199181
0.0141129
0.00555599
0.0177306
0.0363578
0.000915527
0.0353214
0.021473
0.0243312
0.0357292
0.02091
0.0203495
0.0266641
0.00790057
0.00438136
0.0491687
0.0241316
0.0073263
0.0176948
0.00487667
0.0228062
0.024582
0.00547057
0.0178414
0.0540012
0.0241579
0.0241686
0.0114384
0.019147
0.00839403
0.0244516
0.0388126
0.0342394
0.0218484
0.00694299
0.00293309
0.0165558
0.0131517
0.017091
0.0202205
0.0201473
0.0376713
0.0300501
0.0245912
0.0264402
0.0160489
0.0176936
0.0390412
0.0116472
0.00688916
0.00610167
0.0257389
0.00644344
0.00196313
0.0125698
0.00974554
0.0234436
0.0144054
0.019745
0.0385296
0.0273594
0.0263045
0.0194657
0.0216471
0.0223447
0.0562459
0.0126265
0.0245822
0.0219547
0.0246645
0.00513309
0.00744921
0.0172777
0.0236682
0.0282948
0.00784564
0.0207388
0.0272265
0.0211072
0.00944538
0.0261504
0.0589282
0.0239353
0.00685694
0.0341477
0.00123826
0.0419351
0.0118851
0.0238835
0.0224459
0.00516216
0.0258179
0.000919759
0.00290787
0.0229765
0.0596499
0.025749
0.0188385
0.0239353
0.0246627
0.053735
0.00680727
0.0274826
0.0181988
0.0587005
0.0645171
0.024546
0.0349774
0.035722
0.0214704
0.0109851
0.0482738
0.0114232
0.0178227
0.0109708
0.0108731
0.0226566
0.000467598
0.0209738
0.0301504
0.0244623
0.0343756
0.00746906
0.025449
0.00925975
0.0109416
0.0174702
0.0157074
0.0264402
0.0221865
0.0247065
0.0223151
0.024557
0.0101794
0.0227737
0.03042
0.00934897
0.0198312
0.0429353
0.00795191
0.0208229
0.0383833
0.0126856
0.0148008
0.0275012
0.0327941
0.0226566
0.0188929
0.0236639
0.016975
0.00633812
0.0102242
0.00900322
0.00543982
0.0103189
0.014794
0.0235228
0.00795191
0.0230266
0.00376678
0.0112389
0.0188385
0.0154673
0.0360966
0.0235423
0.0046581
0.0126172
0.00978649
0.0236639
0.0360043
0.0403287
0.00196463
0.0283238
0.0252287
0.00449771
0.00163347
0.0331362
0.0406435
0.0186322
0.0265233
0.0252062
0.0012005
0.0223905
0.0258493
0.000224292
0.0248469
0.0233623
0.0189277
0.00930291
0.0195359
0.0394309
0.0169921
0.0153559
0.0291343
0.0261299
0.0268658
0.00323068
0.00230491
0.0417473
0.0215347
0.0120913
0.0204307
0.0107123
0.0219547
0.0211526
0.0202141
0.0190877
0.0242471
0.010839
0.0270675
0.0257899
0.0185681
0.0198544
0.00975183
0.019982
0.0102027
0.0248571
0.00694299
0.00934897
0.0371721
0.0262325
0.02593
0.00288552
0.00884072
0.025861
0.00474602
0.0262861
0.032953
0.034366
0.0171287
0.0264205
0.0237263
0.00151342
0.0237998
0.0202644
0.0228552
0.0139827
0.0269395
0.021646
0.0260659
0.0065428
0.00599878
0.0204622
0.039195
0.00283054
0.008982
0.0280192
0.0250635
0.0236714
0.00945884
0.020761
0.0173758
0.00543997
0.0361684
0.0181095
0.00956553
0.0241995
0.00143823
0.000587359
0.0172803
0.0256762
0.00157571
0.0164677
0.000256121
0.0194657
0.0320777
0.0266596
0.017406
0.00189775
0.036083
0.0215999
0.00753063
0.0270436
0.0240138
0.0253038
0.0193845
0.0242309
0.00543997
0.00227982
0.00657786
0.0577406
0.0278205
0.00573659
0.0182999
0.0136998
0.014773
0.00736046
0.0340092
0.0150746
0.0243515
0.0503808
0.00481605
0.0111017
0.00968605
0.0177412
0.0242791
0.0126085
0.00713879
0.00949791
0.0186968
0.0170757
0.0394977
0.0150746
0.027086
0.0100179
0.0381566
0.0206074
0.00495002
0.000455115
0.0183802
0.00344014
0.000919759
0.0246148
0.00218552
0.0417518
0.00634845
0.0136032
0.010664
0.0175057
0.0223996
0.0332522
0.0326697
0.0296944
0.00137332
0.023937
0.0145647
0.0247515
0.00720766
0.0252449
0.0123978
0.0112752
0.016541
0.015994
0.0141563
0.0115411
0.0121266
0.00320262
0.00350034
0.0240643
0.0195931
0.0473631
0.0362439
0.0131517
0.0242562
0.00890392
0.0298767
0.0201526
0.0129258
0.00605167
0.000186473
0.00300783
0.0246037
0.000502825
0.0124622
0.00150736
0.00969368
0.0193845
0.0244961
0.0510311
0.00117862
0.022509
0.0129427
0.019792
0.0296412
0.019909
0.00529051
0.0303579
0.026881
0.0110503
0.0181095
0.0245776
0.0466613
0.0197854
0.0141827
0.0176813
0.00591916
0.00517625
0.0264402
0.024597
0.035054
0.0263849
0.069969
0.0270378
0.0306155
0.00984347
0.0257061
0.00040561
0.0109383
0.0146402
0.00356853
0.0409995
0.0142699
0.0160213
0.0118912
0.021162
0.00316668
0.0180701
0.0194516
0.0145174
0.00211015
0.0314182
0.033187
0.0127666
0.00168997
0.0181688
0.00313771
0.0239456
0.00337225
0.0260984
0.0112482
0.00141287
0.025385
0.0184781
0.00178722
0.011394
0.0377877
0.0304675
0.000596821
0.0248102
0.0221504
0.00858665
0.0174064
0.023937
0.0058966
0.0150746
0.0106359
0.0184026
0.0260561
0.034501
0.00746906
0.027254
0.00451684
0.0645171
0.0139608
0.0244582
0.00449771
0.0152325
0.053735
0.0268646
0.0265288
0.0236496
0.0163482
0.0592296
0.0257061
0.000413358
0.0102569
0.0062685
0.00296968
0.0204824
0.000978172
0.0100937
0.00236088
0.035054
0.0226671
0.010601
0.0417308
0.0232598
0.0206847
0.0189972
0.0361343
0.0256705
0.0457847
0.0271529
0.00431168
0.0563232
0.008816
0.0256732
0.00948381
0.0460812
0.011806
0.000714986
0.0229787
0.0296412
0.00423807
0.00499141
0.00963449
0.0391358
0.0419976
0.0180348
0.00535813
0.0159448
0.0139341
0.0209972
0.0243506
0.0120918
0.0261096
0.0410167
0.00309956
0.0108429
0.0102911
0.0240256
0.0198544
0.0040642
0.011994
0.000126863
0.0141289
0.00651097
0.0120043
0.022899
0.00715703
0.00441831
0.0107874
0.00962961
0.00897235
0.0234801
0.0233847
0.016691
0.026876
0.00992298
0.0201198
0.00373047
4.96507e-05
0.00616583
0.0176183
0.0246851
0.00041616
0.00545353
0.0119841
0.0208229
0.00991255
0.0438535
0.0107083
0.0522456
0.00163347
0.00877953
0.0135413
0.0224267
0.0213238
0.0366518
0.022572
0.02049
0.0225801
0.0101796
0.0217496
0.0150573
0.026827
0.0460279
0.024254
0.0230266
0.00688905
0.00328869
0.0222108
0.0315183
0.0376713
0.0168375
0.0249748
0.0325238
0.0228552
0.0275012
0.00729311
0.0283993
0.0520367
0.0112752
0.0165836
0.0246444
0.00998837
0.0178208
0.0182009
0.015842
0.000627816
0.0325019
0.0228062
0.00256863
0.0120471
0.00205451
0.0164717
0.0174608
0.0432528
0.0276803
0.045295
0.011806
0.00748563
0.0259919
0.0216763
0.0241995
0.0370209
0.0304695
0.00724411
0.0202753
0.00477636
0.0107552
0.00658774
0.019898
0.0249262
0.0507431
0.00589085
0.0288578
0.0241353
0.0153147
0.0232002
0.000527382
0.0234783
0.0320777
0.0174967
0.00535813
0.0258332
0.00548983
0.0248283
0.0149416
0.06891
0.025458
0.00665951
0.00860012
0.0183553
0.0273084
0.0234786
0.0260561
0.0151392
0.00623894
0.0245535
0.02367
0.0246792
0.0362439
0.0165766
0.0142938
0.00935769
0.0125317
0.00129759
0.0130292
0.00033094
0.0261269
0.00956472
0.00961453
0.00648892
0.00915384
0.0351812
0.0405521
0.0114022
0.0349774
0.0122563
0.0425121
0.0465923
0.0167765
0.0241885
0.00974768
0.00145961
0.0101381
0.00988364
0.0261096
0.0108731
0.025238
0.0023697
0.0132896
0.0448632
0.0180233
0.0061451
0.0126507
0.0203241
0.0216007
0.0226827
0.0103663
0.00734775
0.0102908
0.0230643
0.0202752
0.0209168
0.0259805
0.0178868
0.0212933
0.0485506
0.0226401
0.0235023
0.0133919
0.0288841
0.0292603
0.00837141
0.0123988
0.0187932
0.0237934
0.0253548
0.0260984
0.0515188
0.0197965
0.0407186
0.0426386
0.0235342
0.0112659
0.00944048
0.00911868
0.0157041
0.0247573
0.0333715
0.0286778
0.00903583
0.0142876
0.059158
0.00276703
0.0263635
0.0229435
0.0237519
0.0185281
0.00555229
0.0403993
0.00617428
0.0111219
0.00143141
0.0257419
0.0596469
0.0203368
0.0337678
0.0198515
0.0175057
0.0283799
0.0233608
0.0167234
0.0268646
0.0257032
0.0635215
0.011187
0.0104315
0.0107951
0.0421431
0.0379045
0.000149727
0.00549138
0.00750493
0.0256255
0.00373034
0.00888664
0.0137603
0.011157
0.0260481
0.0524485
0.0210573
0.0384742
0.0257229
0.0273824
0.0233608
0.0174558
0.0107245
0.0119641
0.00145978
0.00748527
0.0596499
0.023257
0.030769
0.0112315
0.0245325
0.0421785
0.00873345
0.0267611
0.00309956
0.0357932
0.024477
0.0195236
0.0486137
0.00315166
0.0259107
0.0134079
0.0166358
0.0097822
0.0115908
0.0522456
0.0271373
0.00513309
0.00689423
0.0156972
0.0340574
0.0245271
0.0531163
0.0146379
0.000213623
0.0202753
0.0188097
0.00957695
0.0272667
0.0179927
0.00288546
0.0306527
0.0343596
0.031779
0.0252859
0.0353662
0.0706872
0.00774628
0.00748754
0.0315724
0.0243865
0.0339719
0.0034973
0.0157495
0.0188693
0.0128374
0.0327941
0.0037908
0.0273942
0.0027377
0.0261931
0.0221333
0.0322418
0.0512509
0.00782129
0.00914735
0.00673354
0.0106338
0.0527173
0.0163222
0.0253165
0.0176183
0.0108104
0.0242736
0.0297096
0.0699236
0.0136998
0.0699236
0.00587565
0.0497464
0.0258434
0.0314346
0.0409691
0.0499879
0.00172657
0.00594884
0.0260659
0.0128348
0.0106634
0.0106419
0.0203488
0.025207
0.0254585
0.000213802
0.0292603
0.0234635
0.0130805
0.0177244
0.0533983
0.0263635
0.0262605
0.0240046
0.00207627
0.0230614
0.0343325
0.00180817
0.0137604
0.024629
0.0270031
0.0412537
0.00417495
0.0230266
0.0220667
0.0230276
0.0227737
0.000209957
0.00180817
0.0112659
0.0188619
0.0243865
0.0310804
0.0126236
0.0513542
0.0246013
0.0220837
0.0317218
0.0127374
0.0230857
0.00355375
0.022568
0.0273575
0.00120389
0.0209242
0.0200075
0.0242046
0.0598233
0.0454807
0.0409868
0.0129089
0.0190527
0.0123088
0.0124247
0.0244585
0.0265044
0.00291073
0.0363578
0.0260168
0.0250655
0.0250099
0.0238103
0.0220036
0.0251905
0.0177244
0.0176492
0.00264639
0.0236775
0.0271529
0.0223557
0.0293422
0.0100182
0.00357753
0.0228456
0.0273728
0.0486137
0.0231625
0.0268213
0.0330287
0.0246147
0.0176916
0.0270436
0.0258645
0.0113282
0.008816
0.0585977
0.0213626
0.0194657
0.0124622
0.0239579
0.00903341
0.00850958
0.0186931
0.0381167
0.0102321
0.00654125
0.0238555
0.0211666
0.00765395
0.0297701
0.0290092
0.00440633
0.033927
0.0116284
0.0374842
0.0179413
0.000596821
0.0502499
0.0172406
0.00355035
0.00716309
0.00556761
0.0359468
0.00853135
0.0124231
0.0102379
0.0111948
0.0238761
0.0101381
0.0262545
0.0263093
0.0313736
0.0276803
0.0147887
0.0474307
0.0114509
0.039919
0.0245622
0.021231
0.00304574
0.025523
0.00801927
0.0331535
0.024597
0.00467581
0.0320119
0.0227351
0.00938344
0.0166171
0.025274
0.0334196
0.00777221
0.0220729
0.0184026
0.00127906
0.0247374
0.03397
0.0115141
0.0194657
0.0305655
0.0331609
0.00853135
0.0149416
0.0037263
0.00151527
0.0100179
0.0169694
0.0337673
0.00491059
0.0258579
0.000209957
0.0313736
0.00840116
0.0273699
0.0645171
0.0264884
0.0399391
0.0317218
0.000527382
0.000981808
0.0204479
0.0531078
0.0112659
0.0151201
0.00576553
0.020933
0.0293556
0.0245543
0.0215999
0.0260243
0.024557
0.0300659
0.0247368
0.0241353
0.0219934
0.0104961
0.0181729
0.0264946
0.0108893
0.0366549
0.0102908
0.00151342
0.00970751
0.0241621
0.0247374
0.0411645
0.0156079
0.0188321
0.000927567
0.0209786
0.0182072
0.0230276
0.011157
0.0118725
0.0213177
0.0264946
0.0325019
0.00957054
0.0258533
0.00221816
0.00248808
0.0083819
0.0257701
0.0252449
0.0265288
0.0010922
0.0154527
0.0270436
0.0214111
0.0242852
0.0352381
0.0064387
0.0273942
0.0378751
0.0269889
0.0260241
0.0429353
0.0350609
0.0266057
0.0229023
0.00972247
0.0491531
0.00674237
0.00187683
0.0267832
0.0108905
0.0224459
0.0139665
0.0171922
0.0248275
0.000209957
0.013575
0.00784391
0.0231131
0.0182581
0.0250704
0.0174384
0.0217453
0.00969255
0.00397444
0.000458181
0.0203488
0.0377877
0.0246344
0.0235927
0.0535573
0.000596821
0.0255893
0.0276732
0.0179599
0.00253798
0.0262434
0.0035938
0.00955486
0.00148851
0.0299128
0.0149505
0.0264205
0.00728938
0.0136723
0.0238869
0.0165836
0.0675462
0.00150736
0.0365827
0.00994456
0.00134522
0.027254
0.0207649
0.021286
0.039195
0.0027377
0.0245914
0.0389631
0.0197436
0.0264938
0.0431151
0.0188841
0.0183802
0.0111048
0.01329
0.0167972
0.0262515
0.00516117
0.00883007
0.0232472
0.0627693
0.0161846
0.010601
0.00549555
0.0003286
0.000173628
0.0202876
0.0132881
0.0463814
0.00401956
0.0326688
0.0100449
0.0142699
0.0383559
0.0242423
0.0197436
0.0247262
0.0109416
0.0205862
0.0475644
0.0204474
0.0129089
0.0236173
0.0208893
0.0267596
0.0237647
0.0073263
0.0424039
0.0182782
0.0209577
0.0492198
0.0230857
0.0177023
0.0141563
0.0109946
0.0171396
0.00475734
0.0348259
0.0329923
0.0221134
0.012596
0.0125629
0.0244516
0.00919592
0.0353364
0.00365615
0.0146402
0.0285153
0.0209863
0.0567476
0.00409818
0.00192535
0.0126508
0.00556761
0.0548661
0.0325307
0.0326688
0.0179442
0.0153794
0.00970858
0.0232081
0.021473
0.00974321
0.00630333
0.00992858
0.0315724
0.0490807
0.0148902
0.00588989
0.0176948
0.0241815
0.0146402
0.05831
0.0161688
0.0220729
0.0193536
0.0101443
0.023282
0.00215209
0.0262085
0.00499891
0.0155803
0.00543827
0.0146367
0.021847
0.0053266
0.0238811
0.0596499
0.0148189
0.0223884
0.00372237
0.00118154
0.049283
0.0596469
0.0165205
0.0559624
0.0183676
0.00354195
0.00182602
0.0152451
0.0365827
0.0246363
0.00871086
0.012857
0.0179237
0.0169452
0.0102662
0.0189829
0.0154471
0.0130858
0.0257229
0.0257794
0.0405521
0.0502499
0.00167239
0.0221694
0.0203117
0.0127374
0.00704461
0.0242425
0.0174593
0.0237026
0.019264
0.0262292
0.0536548
0.0233847
0.0107658
0.0507431
0.0141267
0.0051271
0.0170757
0.0320236
0.0258676
0.0234783
0.0226784
0.0185681
0.0228205
0.0171457
0.00923568
0.00979501
0.0329029
0.012919
0.0107208
0.000466108
0.05831
0.00321537
0.0122554
0.0424166
0.018321
0.0246526
0.0425587
0.0159623
0.0103222
0.0072206
0.0252733
0.0350609
3.56734e-05
0.0222448
0.00475734
0.0044589
0.0270436
0.0130203
0.0179599
0.00228655
0.00891733
0.0224259
0.0103905
0.0365078
0.0177729
0.0222317
0.0385817
0.00187153
0.0448433
0.0640873
0.0018391
0.0208526
0.0642789
0.00550342
0.00329252
0.00372601
0.00499219
0.00223041
0.00317028
0.0252388
0.0117685
0.0221302
0.00949791
0.0226038
0.022732
0.0133376
0.00867873
0.0273594
0.0243055
0.040631
0.0315688
0.0325427
0.0217134
0.0193746
0.00631823
0.00282484
0.0189316
0.013041
0.0051384
0.034501
0.0232819
0.0244333
0.0154481
0.000596821
0.0133919
0.0129699
0.0215512
0.0448433
0.0284133
0.0215504
0.0398219
0.0146057
0.00203037
0.0185245
0.0244606
0.0243112
0.0320304
0.00488636
0.0346829
4.39286e-05
0.045173
0.0553674
0.0235968
0.023561
0.0129985
0.0385933
0.0253236
0.0119891
0.0256392
0.0391282
0.0245211
7.09295e-05
0.0204479
0.0521116
0.0178208
0.0101216
0.00978649
0.0344469
0.0108213
0.0270818
0.0162632
0.00771677
0.0105148
0.0126343
0.0246707
0.0242938
0.0354
0.0252733
0.00272179
0.00735509
0.0199264
0.0244333
0.000323862
0.0154954
0.0215523
0.0236341
0.0221718
0.00737
0.00349247
0.0236549
0.0232598
0.0172399
0.0353072
0.0221546
0.0182732
0.0116399
0.00181729
0.0262861
0.0191588
0.00640218
0.00350273
0.0131232
0.0233644
0.0384742
0.0216685
0.00721535
0.0296363
0.0179599
0.0447971
0.0221419
0.0603403
0.00841302
0.00637639
0.0231202
0.0187091
0.0319184
0.0236426
0.0253377
0.00587565
0.017848
0.00300729
0.0116483
0.0356898
0.0108193
0.057423
0.00762427
0.00140831
0.00310193
0.0235682
0.0496318
0.0417518
0.0243403
0.0255193
0.0540012
0.0400168
0.00523531
0.0367307
0.0315866
0.0159179
0.00946242
0.0222049
0.0031416
0.0365078
0.033927
0.0113853
0.0236436
0.0339676
0.0214704
0.00284916
0.0259019
0.0405521
0.01468
0.0409238
0.0186348
0.0204384
0.0378739
0.0101826
0.0117122
0.000353754
0.0243333
0.0249829
0.0347958
0.00685694
0.00714159
0.0253642
0.0269175
0.0186968
0.00978905
0.0199777
0.00244787
0.069658
0.0109478
0.0567476
0.0344799
0.00710297
0.0255789
0.0290946
0.0201679
0.0137963
0.00266147
0.00954705
0.0186685
0.00650698
0.0136276
0.00278252
0.023561
0.0431151
0.00663471
0.0214269
0.0199181
0.0258932
0.0208229
0.0310072
0.027254
0.045295
0.0261931
0.00414401
0.0271707
0.00361776
0.0327941
0.0274241
0.021246
0.023833
0.0196073
0.0240428
0.0238384
0.00993049
0.021473
0.0320777
0.0243312
0.0239701
0.0110994
0.024833
0.0344988
0.045719
0.0092487
0.0243475
0.0271399
0.0201526
0.0264541
0.0357291
0.0226671
0.0224267
0.0125948
0.0278074
0.0185245
0.0635529
0.00122583
0.0100182
0.00553578
0.0196666
0.0234277
0.0536548
0.0245211
0.0348835
0.00943989
0.0317991
0.0640038
0.0253038
0.0161673
0.00248808
0.000823855
0.0234573
0.0181969
0.0111089
0.00680035
0.015811
0.00920913
0.00451285
0.0180315
0.000981808
0.0129185
0.000744879
0.0233197
0.0101115
0.0269327
0.000619948
0.0299416
0.00720157
0.0135197
0.00930291
0.0253167
0.00297856
0.022102
0.0184081
0.00592783
0.00116396
0.0202711
0.022732
0.0224475
0.0230779
0.051521
0.0300817
0.0230353
0.00501525
0.0162655
0.00517875
0.0161673
0.0184081
0.0332887
0.0112339
0.0101917
0.00550598
0.0202854
0.0188693
0.0236549
0.0197612
0.0318217
0.0310072
0.0238062
0.00561619
0.0042358
0.0251395
0.0415794
0.0251331
0.0101794
0.0542232
0.0112456
0.000323862
0.025238
0.0268247
0.0222947
0.0260567
0.00844061
0.0300778
0.00278354
0.0262292
0.0183727
0.0257899
0.0182782
0.0194268
0.0639234
0.0403287
0.0177273
0.00429094
0.0253518
0.0374274
0.0106446
0.0272265
0.0209945
0.0196539
0.00966585
0.00396255
0.00734775
0.0125317
0.0244539
0.00523195
0.026844
0.00457698
0.0131228
0.0250114
0.021246
0.0548074
0.0302361
0.0238062
0.0230779
0.00208545
0.00382502
0.0199181
0.0247106
0.045833
0.0262605
0.045173
0.027549
0.0264938
0.000648499
0.00372022
0.0428414
0.0121156
0.0101256
0.0236714
0.0325307
0.0177791
0.00591916
0.025749
0.0165331
0.0279404
0.0231642
0.0169574
0.00131553
0.00225264
0.0244713
0.0230275
0.00219815
0.0090549
0.0254585
0.00913775
0.00233948
0.000812963
0.00790799
0.0219703
0.0204118
0.00954705
0.0050047
0.0367307
0.0197612
0.0227129
0.020761
0.0235985
0.0147787
0.0141563
0.035991
0.0331461
0.0365078
0.0596469
0.00389677
0.00217662
0.0154074
0.0571283
0.0238498
0.0398966
0.0104701
0.0194268
0.0541233
0.0129089
0.00978649
0.0139051
0.0229756
0.0391429
0.0237083
0.0401989
0.00529266
0.0076223
0.0709909
0.0318744
0.0154095
0.00131303
0.00031963
0.028743
0.0487054
0.0183553
0.00978649
0.00411755
0.0208526
0.0385612
0.00650692
0.0308535
0.0667196
0.0197898
0.0173785
0.0103529
0.00615662
0.00462747
0.0194657
0.0235907
0.0251206
0.00244853
0.0237519
0.0286778
0.0121431
0.00576401
0.01972
0.00606042
0.00329252
0.0128667
0.00103557
0.0370837
0.016541
0.00620431
0.06891
0.0520367
0.0186097
0.0137531
0.00965145
0.0325194
0.00802484
0.0234635
0.00514847
0.0314312
0.0246627
0.0274223
0.0586076
0.00189346
0.0133028
0.0215498
0.00713879
0.00171733
0.00828934
0.0113853
0.0238869
0.0140066
0.0230779
0.00474429
0.0085963
0.00917405
0.0234174
0.0264935
0.000315845
0.0238609
0.0111575
0.00178631
0.0268531
0.0154673
0.0110157
0.00613433
0.0276684
0.0317218
0.00258636
0.0241316
0.0531078
0.0222044
0.0704741
0.0243702
0.0265959
0.00240636
0.0236262
0.0119729
0.0108893
0.03993
0.00401956
0.00281581
0.0172286
0.00964189
0.0202565
0.00511664
0.0262158
0.00649124
0.0141485
0.0216773
0.00958687
0.0272667
0.0147605
0.0289456
0.0322368
0.0221546
0.0149314
0.0235214
0.0085251
0.030935
0.0145427
0.0392069
0.0191482
0.000517905
0.0212173
0.0621423
0.0108731
0.0253188
0.0169921
0.0276283
0.0228691
0.0257406
0.0119891
0.0252733
0.0158906
0.0102651
0.00836343
0.0264413
0.00965145
0.00637639
0.0103395
0.0123768
0.00220275
0.0164717
0.0101917
0.0270436
0.0191811
0.0378366
0.0285214
0.008816
0.0425137
0.0148695
0.0230275
0.0221111
0.0115109
0.00780916
0.0271271
0.0250114
0.0259905
0.0190636
0.0282455
0.0241725
0.0242641
0.0241353
0.0270819
0.0255449
0.0238404
0.0225875
0.00794568
0.0163686
0.0195868
0.0329923
0.0249152
0.0181257
0.036083
0.0223985
0.0231556
0.0187758
0.0268959
0.00993243
0.0213626
0.00311741
0.00567991
0.0255893
0.00317824
0.00730334
0.0284898
0.00640696
0.0256501
0.00244787
0.0315688
0.0133544
0.0124247
0.0222947
0.0270941
0.0122521
0.0622965
0.0241109
0.040661
0.00156892
0.0115986
0.0249416
0.0119641
0.0270819
0.0267804
0.00248712
0.0119234
0.0335352
0.021482
0.0239202
0.000114501
0.0232002
0.0203034
0.0243539
0.00774628
0.018611
0.0339993
0.0221589
0.0230231
0.0212933
0.0136185
0.0223125
0.0245311
0.0229765
0.0238384
0.0132583
0.0230276
0.0192391
0.0161541
0.00704461
0.00341141
0.0190877
0.00743848
0.0402762
0.0214359
0.00357753
0.0246941
0.00854528
0.00093323
0.0161407
0.0416275
0.0251206
0.00142258
0.0216634
0.0146962
0.0221962
0.00475466
0.0346586
0.00958836
0.0176024
0.00867957
0.00179791
0.0129536
0.0280192
0.025583
0.00789875
0.0184058
0.0103267
0.0315183
0.0206122
0.0360688
0.0235819
0.034225
0.0267832
0.00790057
0.0140899
0.0566898
0.0112339
0.0376822
0.0520496
0.0201524
0.00475734
0.00455105
0.0118078
0.00934845
0.0139902
0.0203463
0.0383092
0.00248355
0.0147237
0.0087164
0.0236918
0.00649369
0.0250114
0.051521
0.00998837
0.000439152
0.0196292
0.0063563
0.0740838
0.0459375
0.0151201
0.0133765
0.0182403
0.00457698
0.0237889
0.00761652
0.00417495
0.069658
0.00943267
0.0124997
0.00685694
0.0058966
0.0387285
0.0230779
0.0243101
0.0603403
0.0214843
0.0110798
0.00244403
0.0243087
0.00670505
0.0157495
0.0282948
0.0287008
0.0124247
0.0223447
0.0151153
0.0144666
0.00161745
0.00972396
0.0144651
0.0210573
0.018637
0.00798905
0.0258194
0.00194407
0.0245271
0.0419138
0.0646757
0.0232547
0.0260481
0.019982
0.0460812
0.0260481
0.0143786
0.0224432
0.0122195
0.0400168
0.0100547
0.0134947
0.00843191
0.0205702
0.00639367
0.0245354
0.0047971
0.0264937
0.0227152
0.0143422
0.0224845
0.024563
0.0153205
0.00892314
0.0188119
0.00282949
0.0053266
0.0220987
0.0137292
0.00848299
0.0182673
0.020933
0.00914299
0.05487
0.00640696
0.00507843
0.0356917
0.00147036
0.0304675
0.0129008
0.0421615
0.0303579
0.0317988
0.0252363
0.0243702
0.0542647
0.0107921
0.0341526
0.0166171
0.0200536
0.0208732
0.0268174
0.0253491
0.00394154
0.0132881
0.0553674
0.00755876
0.0431151
0.0548661
0.0197986
0.0164677
0.019459
0.00251469
0.023532
0.00881153
0.0295505
0.00226182
0.0251206
0.020934
0.0232547
0.0365827
0.0155635
0.00508502
0.0270436
0.00257762
0.0273649
0.0411645
0.00374341
0.0117873
0.000379078
0.0465154
0.0233623
0.019147
0.0238811
0.0251506
0.0268372
0.0244516
0.0232472
0.0158906
0.0117184
0.00240636
0.0249626
0.0390412
0.0355272
0.0169574
0.00296968
0.0116144
0.0233813
0.0129008
0.00168997
0.0250327
0.0142187
0.00145978
0.0131079
0.000874817
0.00487274
0.033927
0.00698137
0.0191811
0.0245654
0.0252449
0.015158
0.0345853
0.0229885
0.0066376
0.00158477
0.0229306
0.0118725
0.00720243
0.0449752
0.0277216
0.0270051
0.00948942
0.0394977
0.0293006
0.0223447
0.0224459
0.00860012
0.00188589
0.0140929
0.0434394
0.0257701
0.0264733
0.0225831
0.00145978
0.0302217
0.00513396
0.0332909
0.00244853
0.0069142
0.0525256
0.0741529
0.0514526
0.010905
0.00974667
0.00659311
0.0224567
0.0230928
0.00499219
0.0709909
0.00400949
0.0493945
0.0123367
0.0263093
0.00934678
0.00661069
0.00135314
0.000936925
0.0197689
0.00523195
0.0426378
0.0231344
0.0432528
0.0277917
0.00978196
0.00603455
0.00295696
0.0117873
0.0111969
0.0120534
0.00737482
0.0246412
0.0225875
0.0153559
0.0166283
0.00675893
0.00669432
0.00514239
0.0412264
0.0510311
0.0376322
0.00941837
0.0131079
0.0111987
0.00454315
0.0094856
0.0264938
0.024254
0.0135759
0.0249421
0.0189349
0.0161436
0.0327251
0.0562747
0.00897354
0.00476491
0.0415794
0.0234869
0.0229526
0.0356898
0.00973541
0.0186206
0.0203034
0.0265455
0.0581132
0.0228552
0.0108995
0.0219547
0.0105778
0.0255809
0.0229114
0.0310804
0.0100937
0.0178238
0.0270624
0.00455105
0.00161284
0.0237026
0.0161541
0.0238062
0.0217453
0.00557876
0.0152153
0.0202876
0.0240996
0.0211871
0.0462167
0.0296363
0.0173145
0.0160213
0.0245062
0.00739479
0.020301
0.034899
0.0285945
0.0521116
0.0261269
0.0203376
0.0225672
0.0194739
0.0198312
0.0466613
0.0329221
0.0211449
0.0126013
0.0227394
0.0407186
0.045295
0.0110157
0.0243358
0.0141122
0.0141129
0.000652358
0.0163276
0.00964451
0.014154
0.0244354
0.025385
0.0122919
0.00701457
0.0244961
0.0123887
0.0209326
0.0240046
0.0168637
0.0233552
0.0051384
0.013142
0.00714159
0.0320963
0.0158906
0.0232256
0.00134686
0.00462418
0.0061451
0.0259203
0.013861
0.00930339
0.00476491
0.0265646
0.0320698
0.0242433
0.0295309
0.0355977
0.00117606
0.0243179
0.0339676
0.016541
0.0306527
0.00623268
0.0129427
0.00240636
0.0300778
0.0725323
0.00526142
0.0240061
0.0106288
0.0556599
0.00448889
0.00606042
0.0222882
0.0236918
0.0263635
0.0244606
0.0457378
0.00978196
0.0248628
0.00713061
0.0319565
0.0349774
0.0463814
0.0242331
0.0418385
0.0501969
0.0462654
0.028743
0.0245056
0.0133919
0.035313
0.0200889
0.0420686
0.0150958
0.0106977
0.0134697
0.00472659
0.0179791
0.0124908
0.000253167
0.0179321
0.0152916
0.0202245
0.0105778
0.00737482
0.0230353
0.0263045
0.00925975
0.0246196
0.01756
0.025549
0.00158259
0.00965145
0.023535
0.00937596
0.0313918
0.031491
0.000126863
0.009022
4.96507e-05
0.00150019
0.0238761
0.00754618
0.0125629
0.019815
0.025207
0.014575
0.0267776
0.0207552
0.0243139
0.00460392
0.0635529
0.00554723
0.0172399
0.031779
0.0255893
0.0247485
0.00640434
0.0587005
0.00098747
0.00881743
0.0468098
0.0546436
0.00128412
0.020761
0.0199292
0.0260701
0.0133919
0.0111855
0.010743
0.0354078
0.0325019
0.0269327
0.0169626
0.0247746
0.0399647
0.0178208
0.0082112
0.0117651
0.0121972
0.0136815
0.0184811
0.0332312
0.0181447
0.0176146
0.0230083
0.0324666
0.0261254
0.0104659
0.00251824
0.0258645
0.0244005
0.0225987
0.0251606
0.00557876
0.0184041
0.0254378
0.0154105
0.0104824
0.00862814
0.0465154
0.0505207
0.00374264
0.00606842
0.0175057
0.0293826
0.0244509
0.00523531
0.0243883
0.0236682
0.022575
0.0158004
0.0234004
0.0119641
0.0157577
0.00555956
0.0220794
0.0056216
0.0220667
0.0195153
0.00738424
0.00944436
0.0445547
0.0247626
0.0248571
0.00582308
0.0151587
0.0115437
0.0119415
0.0250239
0.0148478
0.0314652
0.0231509
0.0249748
0.020761
0.00911868
0.0139847
0.0217054
5.61476e-05
0.00722229
0.0160508
0.0104961
0.00973129
0.022158
0.00560966
0.000547826
0.0261583
0.0296412
0.0310988
0.0204176
0.0551476
0.00292808
0.0229756
0.0260647
0.00349161
0.00765646
0.0400168
0.0720888
0.0264215
0.0165515
0.0258194
0.000977248
0.0250961
0.00636053
0.0256705
0.0233274
0.00498503
0.0250961
0.0303737
0.0214814
0.0157045
0.0267068
0.0204062
0.0203932
0.0526491
0.00937313
0.0181343
0.0202572
0.015043
0.00193846
0.0264555
0.0107926
0.0235662
0.0515378
0.00433874
0.00192535
0.0183712
0.0411645
0.00344315
0.0257593
0.0316356
0.00489241
0.00327659
0.0165684
0.0160489
0.0263889
0.00302845
0.00728938
0.0258932
0.00288546
0.00352136
0.0243506
0.0157256
0.0345619
0.00673354
0.000919759
0.00352136
0.0257759
0.000256121
0.0152451
0.00142258
0.00972396
0.0431151
0.0267804
0.00448889
0.000343919
0.0181257
0.0425963
0.0387219
0.0180436
0.00169992
0.0072248
0.0412264
0.0167111
0.0198717
0.0147825
0.00360662
0.0486993
0.019815
0.00753063
7.74115e-06
0.00891498
0.0188693
0.026844
0.0243883
0.0391314
0.0240315
0.0200536
0.0242309
0.026844
0.0103496
0.00910032
0.0180826
0.0301785
0.011753
0.0140066
0.00963026
0.0256222
0.00308985
0.0103081
0.0055474
0.0133791
0.00659311
0.00265332
0.0203376
0.0182581
0.00495774
0.0369778
0.00422442
0.00460392
0.0270829
0.0116298
0.00634915
0.00935411
0.00224458
0.0390224
0.0255361
0.0161017
0.00492543
0.0205244
0.0188403
0.027549
0.0141485
0.0260373
0.00194407
0.0310804
0.0190851
0.00397635
0.000759721
0.0253518
0.00225699
0.00187153
0.0186539
0.0146057
0.0223996
0.00948942
0.0024644
0.049283
0.0270996
0.0186206
0.0251506
0.026153
0.0415674
0.0043475
0.0230516
0.0190851
0.00661033
0.0526843
0.0491687
0.00914299
0.0253156
0.0211666
0.0647184
0.0360043
0.00374341
0.00337636
0.0185245
0.0377866
0.00697444
0.0227489
0.0226671
0.0531479
0.012719
0.0245759
0.00338084
0.0357932
0.0172794
0.00432962
0.0376183
0.0239979
0.0051204
0.0270301
0.00513583
0.00577003
0.0452902
0.0249152
0.0254542
0.0160213
0.0032708
0.00438631
0.00828934
0.00697136
0.0052527
0.0180668
0.0468098
0.035302
0.0246249
0.0206074
0.0292207
0.0224475
0.0243358
0.00397456
0.0216763
0.0174593
0.0465154
0.0247215
0.0577406
0.00147527
0.0220794
0.00650698
0.0236341
0.0475771
0.0523297
0.0507386
0.024751
0.0161248
0.0228691
0.0325238
0.018966
0.0346116
0.069969
0.00145961
0.0204384
0.024258
0.0220667
0.0222232
0.0315816
0.00531578
0.0241316
0.0128374
0.00724036
0.025749
0.0119821
0.0147302
0.00302749
0.0115784
0.0266303
0.0212334
0.0167471
0.00680035
0.00202983
0.00468981
0.0233847
0.0098376
0.000953078
0.00737649
0.025282
0.0258145
0.0142394
0.0204062
0.00278354
0.00618446
0.0231556
0.00653858
0.0256255
0.00946885
1.43051e-05
0.00421745
0.022168
0.0102569
0.0108776
0.0508652
0.0258133
0.0343661
0.00387907
0.0186968
0.0361684
0.0235498
0.0159332
0.0159448
0.00718874
0.00866541
0.0157074
0.021637
0.0127003
0.0208936
0.0051204
0.00103778
0.00634825
0.0292988
0.0110912
0.0170951
0.0258222
0.022566
0.00169992
0.0189458
0.0108555
0.0421615
0.0458474
0.0067628
0.0139843
0.0250677
0.0269327
0.0226566
0.0121309
0.0237029
0.00388169
0.0320777
0.0223553
0.00474429
0.00472659
0.0366518
0.00154981
0.00495002
0.0369636
0.0103237
0.0123063
0.0297509
0.0486137
0.0249626
0.0186832
0.000802398
0.0154136
0.024054
0.0188119
0.0391314
0.0190851
0.0374849
0.00784197
0.0425416
0.0147762
0.0240023
0.00851551
0.0455011
0.027197
0.0121553
0.00923324
0.045795
0.0332399
0.0252914
0.0255719
0.00122583
0.00560129
0.0153085
0.0223905
0.0265054
0.0189458
0.0562747
0.0321568
0.00201839
0.0263895
0.00625584
0.0160698
0.0245654
0.00554919
0.00306154
0.00243521
0.0094856
0.0287008
0.0209589
0.0318289
2.8193e-05
0.0260243
0.0426378
0.0251395
0.0118912
0.0227737
0.0243654
0.0324833
0.0255193
0.0196292
0.00161093
0.00447005
0.0334369
0.0422979
0.0230928
0.0269395
0.0245271
0.0268665
0.010047
0.045173
0.0154105
0.00735414
0.028879
0.0179791
0.00158259
0.0102321
0.0320236
0.025207
0.0314652
0.0314652
0.0419138
0.0054062
0.0163242
0.0343746
0.00223321
0.0179016
0.0245403
0.0197854
0.0634059
0.0182999
0.0093925
0.0106288
0.0270106
0.0170757
0.0102627
0.0593262
0.0634059
0.00219815
0.0257758
0.00873727
0.00810045
0.0510232
0.0278388
0.0110796
0.0262325
0.0334704
0.034501
0.0250387
0.0531078
0.0120432
0.0235265
0.0513542
0.000353754
0.00722641
0.00765646
0.0224432
0.0313896
0.0211588
0.0183142
0.0224998
0.012596
0.0115321
0.0257899
0.00483042
0.0162655
0.0356583
0.0372898
0.0165836
0.0492198
0.0352189
0.025523
0.00157082
0.0646757
0.0425364
0.0031416
0.0556599
0.00713998
0.0255454
0.0420943
0.00361776
0.00548285
0.0254753
0.0378408
0.033927
0.0394309
0.0342265
0.00467581
0.0176244
0.0218066
0.0524296
0.0261254
0.021031
0.0136998
0.00249064
0.0218549
0.0141518
0.000399232
0.0490807
0.0325019
0.0203434
0.0186968
0.0067628
0.0510232
0.0168375
0.020934
0.0129985
0.0249981
0.0218469
0.0151587
0.0394977
0.0334704
0.0131252
0.00126702
0.0180055
0.000323862
0.0219934
0.0240764
0.0050047
0.0249398
0.0177522
0.00748527
0.0177791
0.00495002
0.0177729
0.0458474
0.0261729
0.0426386
0.00815433
0.0186322
0.00748527
0.034501
0.0344469
0.0245628
0.0246749
0.00990063
0.0294076
0.00966278
0.00311404
0.00100112
0.0102908
0.0129008
0.0409868
0.0259345
0.0204478
0.0198715
0.00915658
0.0219926
0.0171657
0.00405347
0.0181869
0.0258222
0.0252371
0.00422664
0.00120336
0.0215071
0.00134298
0.0357291
0.0214704
0.0124557
0.0236173
0.00964189
0.00489241
0.027197
0.0202711
0.0114038
0.033682
0.00640386
0.0491687
0.0327251
0.0395339
0.0189269
0.0257899
0.0514064
0.0219703
0.0211115
0.0104854
0.000489116
0.00185746
0.00762248
0.0120471
0.0183972
0.0236385
0.000432014
0.0390224
0.0186685
0.0159388
0.000554383
0.0452902
0.051226
0.0403993
0.0531078
0.00011766
0.00675178
0.0327933
0.03993
0.0253288
0.0226457
0.0104006
0.0512379
0.0216458
0.0212933
9.71556e-06
0.0194739
0.0238704
0.0255454
0.0165043
0.00393367
0.0457991
0.021031
0.00809205
0.00781786
0.00250506
0.00713831
0.0164607
0.0216763
0.0177306
0.0243702
0.0230928
0.0127043
0.0444284
0.0134349
0.0229462
0.00343621
0.0201198
0.00210667
0.00963026
0.0227848
0.0101295
0.0252733
0.0249831
0.0250025
0.00589792
0.00780487
0.00666255
0.025458
0.0357932
0.0111426
0.00720704
0.0295163
0.04162
0.0128985
0.0173959
0.0145828
0.0138767
0.0229435
0.0221589
0.0183802
0.000458181
0.00994921
0.0350194
0.00914735
0.0257389
0.0230779
0.0393652
0.0189316
0.0395339
0.0248439
0.00589222
0.00975406
0.0517991
0.0062799
0.0164136
0.0150618
0.043475
0.0167972
0.0253407
0.0212933
0.0172848
0.01332
0.0475771
0.0226481
0.0278804
0.0166358
0.0123978
0.0119194
5.126e-05
0.0251597
0.0237934
0.0117382
0.0142353
0.0269572
0.0144666
0.00223321
0.0159971
0.0268653
0.012534
0.00680727
0.00963897
0.0154954
0.0102379
0.0281528
0.0119891
0.0222947
0.0150746
0.00278977
0.0255778
0.00487667
0.0349774
0.00344014
0.0228605
0.010632
0.00638741
0.000371277
0.0250635
0.00107342
0.0161248
0.0462167
0.0249416
0.0224886
0.0153271
0.0122554
0.0185428
0.00544477
0.0161507
0.0119234
0.00543982
0.0355977
0.0238704
0.0182842
0.00722677
0.0098702
0.0141283
0.045795
0.0157041
0.0249829
0.0190045
0.0347074
0.00626403
0.026191
0.0219054
0.0147791
0.00863755
0.0195575
0.0192218
0.00194543
0.010632
0.0165766
0.051521
0.0141518
0.0117725
0.0011797
0.0223238
0.0164896
0.00931066
0.0293022
0.0293604
0.0256762
0.0230231
0.0401454
0.0107658
0.028833
0.0207537
0.0244585
0.0203376
0.00113582
0.009453
0.00231957
0.024477
0.0419525
0.0047577
0.0354175
0.035948
0.0158513
0.0244713
0.00874329
0.0204176
0.0182673
0.00832123
0.00563401
0.0191875
0.0355272
0.00716245
0.0256705
0.0196441
0.0224459
0.0098702
0.00211996
0.0457144
0.00176717
0.040422
0.00768806
0.00699317
0.0350609
0.0177243
0.0231274
0.0240744
0.0243626
0.0219054
0.00355035
0.0093962
0.025385
0.0302456
0.0248439
0.0248262
0.00535274
0.0378366
0.0144892
0.0186322
0.0220794
0.0153147
0.0263889
0.0219166
0.00442891
0.0259451
0.0222377
0.00844312
0.064708
0.000812963
0.00993243
0.0174064
0.00606853
0.0269889
0.00658059
0.0101115
0.000584194
0.0540957
0.0191776
0.0123495
0.0247262
0.0021255
0.0253858
0.0222947
0.0357978
0.00687474
0.0704741
0.033682
0.0219225
0.0231131
0.0385817
0.00156644
0.0243539
0.023257
0.0206265
0.0173022
